3 0.603515625 0.669365009375 0.609375 0.7172718484375 0.6123046875 0.7212640859375 0.6279296875 0.71860259375 0.6318359375 0.7239255765625 0.638671875 0.725256321875 0.6640625 0.725256321875 0.666015625 0.687995446875 0.6748046875 0.66271128125 0.6826171875 0.66271128125 0.6875 0.669365009375 0.6875 0.6800109734374999 0.6904296875 0.6840032093749999 0.697265625 0.6746879921875 0.703125 0.650734571875 0.705078125 0.562905365625 0.703125 0.549597909375 0.6640625 0.41120037343750004 0.6533203125 0.38591620781249997 0.5654296875 0.3805932265625 0.55859375 0.387246953125 0.5546875 0.4165233546875 0.556640625 0.549597909375 0.55859375 0.5708898390625 0.5625 0.5788743125 0.5625 0.600166240625 0.55859375 0.6108122046875 0.560546875 0.6800109734374999 0.5673828125 0.6919876828125 0.5712890625 0.6919876828125 0.578125 0.6800109734374999 0.58203125 0.6640420265625 0.5947265625 0.6573883 0.603515625 0.669365009375
3 0.201171875 0.6161351875000001 0.19921875 0.6560575531249999 0.2041015625 0.66271128125 0.2177734375 0.66271128125 0.2216796875 0.6680342640625 0.236328125 0.669365009375 0.2724609375 0.6706957546875 0.2744140625 0.66271128125 0.28125 0.6587190453125 0.2841796875 0.6387578609375 0.2939453125 0.6387578609375 0.296875 0.6427500984375001 0.296875 0.6560575531249999 0.3017578125 0.6573883 0.30859375 0.637427115625 0.3154296875 0.6307733875 0.328125 0.64008860625 0.328125 0.6560575531249999 0.3330078125 0.66271128125 0.341796875 0.6533960624999999 0.353515625 0.6214581703125 0.357421875 0.618796678125 0.359375 0.6054892234375 0.384765625 0.5602438734375 0.390625 0.525644490625 0.38671875 0.48039914218749996 0.396484375 0.45644572187500004 0.40625 0.38990844375 0.4091796875 0.3832547171875 0.423828125 0.37127800781250003 0.423828125 0.3632935328125 0.4169921875 0.3539783140625 0.3349609375 0.35131682343750004 0.3173828125 0.3672857703125 0.3095703125 0.3805932265625 0.2978515625 0.3885776984375 0.2705078125 0.42317708437499996 0.2607421875 0.42850006562500004 0.19921875 0.5016910703125 0.197265625 0.5788743125 0.201171875 0.6161351875000001
3 0.6470703125 0.2741458671875 0.6304056484375 0.271875 0.620945915625 0.271875 0.5826171875 0.2741458671875 0.53671875 0.36064432812499997 0.5359375 0.3691611 0.5359375 0.3824685546875 0.5435546875 0.3859284921875 0.5767578125 0.3806055109375 0.6255859375 0.3806055109375 0.634375 0.389920728125 0.63828125 0.44847353281249996 0.6410173078125 0.4546875 0.6428245218749999 0.4546875 0.64609375 0.453796515625 0.65 0.44315055000000003 0.651953125 0.397905203125 0.655859375 0.38459774687500003 0.65390625 0.2807995953125 0.6470703125 0.2741458671875
3 0.8857421875 0.710618121875 0.8916015625 0.710618121875 0.8955078125 0.7052951390625 0.9013671875 0.7132796124999999 0.9189453125 0.7132796124999999 0.923828125 0.7172718484375 0.9443359375 0.71860259375 0.9501953125 0.7132796124999999 0.955078125 0.6773494828125 0.953125 0.6108122046875 0.931640625 0.5575823843750001 0.8935546875 0.503021815625 0.8818359375 0.49237585156249997 0.8173828125 0.4897143609375 0.8134765625 0.49237585156249997 0.806640625 0.5016910703125 0.8046875 0.525644490625 0.80078125 0.5362904546875 0.796875 0.60282773125 0.7998046875 0.609481459375 0.8095703125 0.609481459375 0.8134765625 0.5961740046874999 0.8193359375 0.5961740046874999 0.82421875 0.60282773125 0.8359375 0.634765625 0.833984375 0.687995446875 0.837890625 0.6959799203125 0.84375 0.693318428125 0.84375 0.6720265000000001 0.8515625 0.6667035171875 0.853515625 0.64807308125 0.8623046875 0.6440808437500001 0.8671875 0.650734571875 0.8671875 0.6640420265625 0.87890625 0.68533395625 0.876953125 0.6906569375 0.87890625 0.6986414109375 0.8857421875 0.710618121875
3 0.4697265625 0.2235652515625 0.46484375 0.299417746875 0.46875 0.3393401140625 0.4716796875 0.34333235 0.5068359375 0.34067085937499997 0.5234375 0.344663096875 0.5302734375 0.3459938421875 0.53515625 0.3340171328125 0.53515625 0.29675625625 0.537109375 0.27812581875000003 0.541015625 0.2728028359375 0.52734375 0.224895996875 0.5166015625 0.21824226875 0.4853515625 0.21824226875 0.4697265625 0.2235652515625
3 0.5625 0.150374246875 0.5419921875 0.127751571875 0.5146484375 0.127751571875 0.5078125 0.13972828125 0.51171875 0.192958103125 0.521484375 0.20892705 0.5625 0.20892705 0.564453125 0.1769891578125 0.5625 0.150374246875
3 0.448046875 0.146371365625 0.446875 0.15116205 0.446875 0.20865025625000003 0.4470703125 0.2142393875 0.45390625 0.2182316234375 0.487109375 0.22089311562499997 0.491015625 0.2368620609375 0.49515775156249997 0.240625 0.5057762421875001 0.240625 0.5095703125 0.2328698234375 0.5056640625 0.1689940390625 0.487109375 0.146371365625 0.475390625 0.1437098734375 0.448046875 0.146371365625
3 0.44921875 0.1344053 0.4443359375 0.127751571875 0.4130859375 0.127751571875 0.39453125 0.1450512640625 0.392578125 0.1982810859375 0.39453125 0.20360406874999998 0.3974609375 0.20493481406249997 0.4072265625 0.1942888484375 0.4150390625 0.1916273578125 0.4306640625 0.1942888484375 0.4365234375 0.20227332343749999 0.443359375 0.192958103125 0.44921875 0.169004684375 0.44921875 0.1344053
3 0.3400390625 0.3605693953125 0.344289365625 0.3625 0.346315603125 0.3625 0.352734375 0.351254175 0.4328125 0.348592684375 0.4357421875 0.3446004484375 0.4318359375 0.31798553749999997 0.40546875 0.25277900625 0.39375 0.24745602187500002 0.344921875 0.24745602187500002 0.3400390625 0.251448259375 0.3361328125 0.28604764375 0.3380859375 0.288709134375 0.3361328125 0.325970009375 0.3400390625 0.3605693953125
7 0.391015625 0.432153678125 0.3875 0.49203722812499995 0.3875 0.499489403125 0.391015625 0.5066754296875 0.3890625 0.5119984109375 0.391015625 0.53062885 0.3875 0.5450009 0.3875 0.5753418984375 0.391015625 0.66636489375 0.3939453125 0.6703571312500001 0.396875 0.6503959484374999 0.4193359375 0.6277732734375 0.4291015625 0.641080728125 0.4388671875 0.6384192375 0.441796875 0.6424114750000001 0.441796875 0.66636489375 0.4447265625 0.6730186218750001 0.4525285453125 0.6765625 0.45379764843750003 0.6765625 0.465234375 0.658380421875 0.4681640625 0.6464037125 0.4857421875 0.6437422203125001 0.4896484375 0.6464037125 0.4935546875 0.6384192375 0.5111328125 0.6384192375 0.5140625 0.6530574390624999 0.5169921875 0.6490652031249999 0.519921875 0.663703403125 0.5234375 0.663703403125 0.5234375 0.5545822703125001 0.51796875 0.51732139375 0.521875 0.49070648281249996 0.519921875 0.4720760453125 0.512109375 0.4561070984375 0.512109375 0.43747666093750004 0.508203125 0.4294921875 0.50234375 0.3869083296875 0.4837890625 0.3722701296875 0.4642578125 0.3722701296875 0.4525390625 0.36694714687499996 0.4447265625 0.3722701296875 0.4056640625 0.3749316203125 0.394921875 0.3842468390625 0.3890625 0.426830696875 0.391015625 0.432153678125
7 0.0458984375 0.48172988749999995 0.0546875 0.5043525625 0.0634765625 0.516329271875 0.0810546875 0.52431374375 0.0888671875 0.5429441828125 0.09765625 0.54693641875 0.1083984375 0.5429441828125 0.1123046875 0.5296367281250001 0.1337890625 0.5296367281250001 0.1455078125 0.521652253125 0.15234375 0.5043525625 0.146484375 0.46443019531249996 0.138671875 0.45378423124999995 0.1328125 0.43515379374999996 0.1220703125 0.42317708437499996 0.0966796875 0.42583857500000005 0.0908203125 0.4205155921875 0.091796875 0.38990844375 0.0751953125 0.3672857703125 0.0673828125 0.364624278125 0.0009765625 0.3672857703125 0 0.42716932031250004 0.00390625 0.4324923015625 0.00390625 0.46975317656250004 0.0087890625 0.47640690625 0.0458984375 0.48172988749999995
7 0.091796875 0.387246953125 0.08984375 0.41386186406250003 0.0947265625 0.4205155921875 0.1298828125 0.42850006562500004 0.1484375 0.47241466875000004 0.15625 0.4777376515625 0.1611328125 0.47906839687499997 0.1767578125 0.46842243124999994 0.18359375 0.45644572187500004 0.181640625 0.419184846875 0.16796875 0.3766009890625 0.1630859375 0.3699472625 0.12109375 0.368616515625 0.1220703125 0.3247019125 0.1064453125 0.316717440625 0 0.3207096765625 0.0009765625 0.3672857703125 0.0732421875 0.364624278125 0.08984375 0.381923971875 0.091796875 0.387246953125
7 0.125 0.365955025 0.1298828125 0.3699472625 0.1591796875 0.3672857703125 0.166015625 0.37127800781250003 0.18359375 0.42450782968749995 0.18359375 0.443138265625 0.1943359375 0.44180752031250003 0.205078125 0.42716932031250004 0.20703125 0.39789291875 0.205078125 0.3925699359375 0.1875 0.3766009890625 0.1796875 0.3553090609375 0.1728515625 0.3459938421875 0.1416015625 0.34333235 0.1298828125 0.35131682343750004 0.125 0.3579705515625 0.125 0.365955025
7 0.086328125 0.3791363671875 0.08787920625 0.38125 0.0942746390625 0.38125 0.0990234375 0.3618366734375 0.1107421875 0.372482640625 0.1224609375 0.345867728125 0.1341796875 0.3565136921875 0.1439453125 0.3432062375 0.1712890625 0.3405447453125 0.1751953125 0.3192528171875 0.2259765625 0.3165913265625 0.230859375 0.3125990890625 0.230859375 0.29929163281250004 0.2220703125 0.2926379078125 0.2103515625 0.2926379078125 0.2044921875 0.2819919421875 0.1439453125 0.2846534328125 0.1390625 0.28864566875 0.1380859375 0.3006223796875 0.1166015625 0.30594536250000004 0.10390625 0.33389101875 0.086328125 0.3471984734375 0.086328125 0.3791363671875
7 0.255859375 0.3020792390625 0.25390625 0.37926247968750004 0.2587890625 0.3832547171875 0.26171875 0.37127800781250003 0.2685546875 0.3672857703125 0.279296875 0.387246953125 0.2998046875 0.38591620781249997 0.322265625 0.3579705515625 0.326171875 0.3340171328125 0.326171875 0.256833890625 0.32421875 0.23288047031249998 0.3173828125 0.2262267421875 0.2763671875 0.228888234375 0.267578125 0.24884941718750003 0.267578125 0.27812581875000003 0.255859375 0.3020792390625
7 0.32421875 0.1663431921875 0.322265625 0.171666175 0.322265625 0.1982810859375 0.3251953125 0.20493481406249997 0.3505859375 0.20493481406249997 0.3515625 0.20626555937500002 0.3544921875 0.2075963046875 0.36328125 0.1956195953125 0.36328125 0.19029661250000002 0.365234375 0.18497363125 0.369140625 0.1796506484375 0.369140625 0.137066790625 0.3681640625 0.13573604687500002 0.3623046875 0.13573604687500002 0.3603515625 0.13839753593749998 0.3486328125 0.13839753593749998 0.3447265625 0.14372051875 0.3349609375 0.1463820109375 0.33203125 0.150374246875 0.33203125 0.155697228125 0.32421875 0.1663431921875
4 0.396484375 0.22223450625000002 0.396484375 0.23288047031249998 0.39453125 0.23554196093750002 0.3994140625 0.2448571796875 0.4208984375 0.2448571796875 0.421875 0.246187925 0.4228515625 0.2475186703125 0.4287109375 0.2475186703125 0.431640625 0.24352643437500002 0.431640625 0.238203453125 0.43359375 0.23554196093750002 0.43359375 0.1982810859375 0.4306640625 0.1942888484375 0.4072265625 0.1942888484375 0.40234375 0.1982810859375 0.4013671875 0.20227332343749999 0.3984375 0.20360406874999998 0.3984375 0.2195730140625 0.396484375 0.22223450625000002
1 0.32421875 0.24352643437500002 0.326171875 0.246187925 0.326171875 0.2701413453125 0.328125 0.2728028359375 0.328125 0.27812581875000003 0.330078125 0.2807873109375 0.3310546875 0.28211805624999997 0.3427734375 0.28211805624999997 0.3447265625 0.2794565640625 0.3486328125 0.2794565640625 0.349609375 0.27812581875000003 0.349609375 0.2701413453125 0.3515625 0.2674798546875 0.3515625 0.262156871875 0.353515625 0.25949538125 0.353515625 0.256833890625 0.3564453125 0.25550314531249996 0.36328125 0.246187925 0.36328125 0.23288047031249998 0.3603515625 0.228888234375 0.3447265625 0.228888234375 0.3408203125 0.23421121562499997 0.3310546875 0.23421121562499997 0.326171875 0.238203453125 0.326171875 0.24086494374999998 0.32421875 0.24352643437500002