5 0.7210757390625 0.60322265625 0.6511684984375 0.55439453125 0.6526882203125 0.54755859375 0.6131754328125 0.53974609375 0.5706231984375 0.50849609375 0.5128737390625 0.48896484375 0.4216903828125 0.4909179671875 0.3548225875 0.50068359375 0.3289873015625 0.52509765625 0.304671740625 0.57197265625 0.3077111859375 0.62275390625 0.3533028640625 0.63251953125 0.3776184265625 0.65400390625 0.380657871875 0.67353515625 0.392815653125 0.67548828125 0.404973434375 0.70283203125 0.444486221875 0.72822265625 0.42624955 0.75947265625 0.429288996875 0.78876953125 0.4566440015625 0.80244140625 0.48315230624999994 0.8421875 0.49387720625 0.8421875 0.4991962359375 0.84150390625 0.503755403125 0.8268554671875 0.5311104109375 0.8268554671875 0.5569456953125 0.81025390625 0.585820425 0.7760742203125 0.795542146875 0.7565429671875 0.8015625 0.7511268796875 0.8015625 0.7457770921875 0.7788251984375 0.68916015625 0.7210757390625 0.60322265625
1 0.7416246390625 0.6435546875 0.68995406875 0.7177734375 0.6960329625 0.7470703125 0.68387518125 0.8193359375 0.692993515625 0.8837890625 0.7127499109375 0.90234375 0.7249076921875 0.90234375 0.7598613109375 0.8720703125 0.7568218671875 0.8544921875 0.7689796484375 0.8388671875 0.8100121578125 0.83203125 0.87536023125 0.9072265625 0.8905574578125 0.9111328125 0.9270308015625 0.8935546875 0.996938040625 0.8271484375 0.9999774875 0.6533203125 0.9650238640625 0.6308593734375 0.78265715 0.6230468734375 0.7416246390625 0.6435546875
4 0 0.5948682234375 0.0363089875 0.60458984375 0.008953979687499999 0.60849609375 0.02415120625 0.61240234375 0.030230096875 0.63779296875 0.0454273234375 0.64169921875 0.039348434375000005 0.67099609375 0.0758217765625 0.72958984375 0.078861221875 0.75302734375 0.1670051328125 0.78427734375 0.2931421109375 0.7833007828125 0.349371846875 0.76669921875 0.3765625 0.7026333421875 0.3765625 0.7014539953125001 0.3645690734375 0.64365234375 0.373687409375 0.61826171875 0.349371846875 0.60654296875 0.3007407234375 0.53623046875 0.2475504328125 0.48837890625 0.0773414984375 0.4864257828125 0.051506215625 0.49326171875 0.0119934265625 0.53232421875 0 0.5939793140625 0 0.5948682234375
1 0.193160121875 0.39072265625 0.153647334375 0.3965820296875 0.1338909390625 0.41904296875 0.121733159375 0.50107421875 0.13977443750000001 0.528125 0.1403621296875 0.528125 0.1961995671875 0.4864257828125 0.3846451734375 0.4864257828125 0.3875 0.45523944062500005 0.3875 0.4354724734375 0.3268957125 0.39462890625 0.193160121875 0.39072265625
4 0.506067634375 0.3574218734375 0.4863112390625 0.3681640625 0.44679845 0.4287109375 0.416404 0.5244140625 0.41944344375 0.5439453125 0.437680115625 0.5478515625 0.49087040625 0.5332031265625 0.5790143203125 0.4863281265625 0.68387518125 0.4833984375 0.67475684375 0.3974609375 0.648921559375 0.3613281265625 0.506067634375 0.3574218734375
4 0.742905709375 0.2736328125 0.6881956953125 0.2677734390625 0.606130675 0.2716796875 0.5863742796875 0.28046875 0.55 0.3311120765625 0.55 0.331412678125 0.563578440625 0.3537109390625 0.5924531703125 0.348828125 0.5863742796875 0.3703125 0.6046109515625 0.391796875 0.6198081796875 0.395703125 0.6198081796875 0.430859375 0.653242075 0.43671875 0.671478746875 0.4375 0.6763418578125 0.4375 0.686675971875 0.430859375 0.715550703125 0.3595703125 0.8203125 0.3527408328125 0.8203125 0.352571696875 0.79305655625 0.3078125 0.742905709375 0.2736328125
6 0.9665435875 0.5126953125 0.9665435875 0.4912109375 0.94678719375 0.484375 0.9270308015625 0.4990234375 0.9300702453125 0.5146484375 0.8966363453125 0.5380859375 0.8875180109375 0.5751953125 0.9087941265625 0.5791015625 0.90727440625 0.6230468734375 0.9817408125 0.6279296875 0.99389859375 0.6201171875 0.984780259375 0.5654296875 0.9999774875 0.5576171875 0.9999774875 0.5439453125 0.984780259375 0.5205078125 0.9665435875 0.5126953125
6 0.8265512453125 0.58896484375 0.84174846875 0.59677734375 0.8782218125 0.58896484375 0.89037959375 0.53623046875 0.8782218125 0.52255859375 0.902537375 0.50498046875 0.893419040625 0.47568359375 0.86606403125 0.46396484375 0.8630245875 0.44443359375 0.8523865296875 0.4395507828125 0.83566958125 0.44443359375 0.832630134375 0.46591796875 0.8113540203125 0.47763671875 0.8052751265625 0.49912109375 0.8052751265625 0.50888671875 0.8235118015625 0.52060546875 0.8174329078125 0.55185546875 0.8265512453125 0.58896484375
6 0.7841768734375 0.3759765625 0.7507429734375 0.3955078125 0.7507429734375 0.4638671875 0.7659402015625 0.4697265625 0.7720190921875 0.4892578125 0.8024135453125 0.4990234375 0.817610771875 0.4658203125 0.817610771875 0.4267578125 0.844965778125 0.3974609375 0.8100121578125 0.35546875 0.7841768734375 0.3623046875 0.7841768734375 0.3759765625
4 0.2066822765625 0.3564453125 0.17932726875 0.3955078125 0.214280890625 0.390625 0.34801648125 0.39453125 0.3708123203125 0.4052734375 0.3799306578125 0.4560546875 0.39512788125 0.4599609375 0.44375900625 0.4287109375 0.4680745671875 0.3837890625 0.437680115625 0.3291015625 0.3905687140625 0.3125 0.2629120140625 0.3183593734375 0.2066822765625 0.3564453125
4 0.9996487765625 0.28056640625 0.9996487765625 0.25322265625 0.98141210625 0.22587890625 0.9966093328125 0.21611328125 0.9738134921875 0.2131835953125 0.947978209375 0.18486328125 0.92518236875 0.1741210953125 0.8552751296875 0.17216796875 0.8157623390625 0.1819335953125 0.808163725 0.27275390625 0.8172820625 0.29228515625 0.85375540625 0.29228515625 0.85679485 0.26103515625 0.8871893046875 0.21611328125 0.903906253125 0.21123046875 0.980610321875 0.2953125 0.9868831078125 0.2953125 0.9935698875 0.29423828125 0.9996487765625 0.28056640625
4 0.4954295734375 0.2197265625 0.45895623125 0.2705078125 0.4650351234375 0.2822265625 0.481752071875 0.2871093734375 0.5045479109375 0.2431640625 0.52430430625 0.23828125 0.559257925 0.2822265625 0.556218478125 0.2919921875 0.586612934375 0.2939453125 0.6170073828125 0.2763671875 0.6230862765625 0.2353515625 0.6534807265625 0.2138671875 0.62764544375 0.19140625 0.5425409765625 0.19140625 0.4954295734375 0.2197265625
4 0.6884343484375 0.14453125 0.6382835015625 0.1904296875 0.6595596203125 0.2158203125 0.6914737921875 0.21875 0.7340260265625 0.1816406265625 0.7568218671875 0.2060546875 0.7507429734375 0.2275390625 0.7872163171875 0.2412109375 0.8115318796875 0.2138671875 0.832807996875 0.2060546875 0.835847440625 0.1708984375 0.8100121578125 0.1503906265625 0.78265715 0.1425781265625 0.6884343484375 0.14453125
4 0.80801738125 0.12255859375 0.754827090625 0.08642578125 0.7153143015625 0.08056640781249999 0.6590845640625 0.08740234375 0.6469267828125 0.10693359375 0.6818804046875 0.1430664078125 0.770024315625 0.1430664078125 0.8002667953125 0.1625 0.8102969640625 0.1625 0.817135715625 0.16162109375 0.80801738125 0.12255859375
4 0.2259411015625 0.16748046875 0.1666719203125 0.19970703125 0.1578125 0.21488835781249999 0.1578125 0.2154560578125 0.241138328125 0.2553710921875 0.2698002984375 0.259375 0.27913139375 0.259375 0.336880853125 0.24267578125 0.35815696875 0.21337890625 0.3609375 0.18300419375000002 0.3609375 0.18007595468749998 0.3384005765625 0.17138671875 0.2259411015625 0.16748046875
4 0.509107078125 0.15234375 0.5197451359375 0.1357421875 0.506067634375 0.11914062656249999 0.4635154 0.1015625 0.357134815625 0.109375 0.31610230625 0.1455078125 0.31610230625 0.1708984375 0.3404178671875 0.1767578125 0.3404178671875 0.1494140625 0.36321370625 0.12890625 0.398167325 0.1455078125 0.4057659390625 0.17578125 0.46655484375 0.1699218734375 0.509107078125 0.15234375
4 0.23125 0.10402994843749999 0.23125 0.104709821875 0.2735117984375 0.12216796875 0.2944333140625 0.1625 0.3213830609375 0.1625 0.3707740453125 0.16123046875 0.3765625 0.1519314234375 0.3765625 0.1512408859375 0.361655709375 0.13974609375 0.3765625 0.1282513015625 0.3765625 0.127616753125 0.361655709375 0.10654296875 0.3479782078125 0.09580078125 0.31986335 0.0921875 0.311428846875 0.0921875 0.23551873125 0.09580078125 0.23125 0.10402994843749999
4 0 0.2451171875 0.041032509375 0.265625 0.0577494578125 0.2646484375 0.1063805828125 0.2568359375 0.1033411390625 0.2255859375 0.13069614375 0.1962890625 0.1230975328125 0.1660156265625 0.0349536203125 0.1699218734375 0 0.1826171875 0 0.2451171875
4 0.5064526296875 0.06279296875 0.4654201203125 0.08916015625 0.4714990078125 0.10673828125 0.5094920734375 0.12529296875 0.5426003171875 0.13125 0.56253036875 0.13125 0.5642020875 0.1311523421875 0.573320425 0.11748046875 0.615625 0.0977950640625 0.615625 0.0953431671875 0.582438759375 0.0647460953125 0.5064526296875 0.06279296875