1 0.0392578125 0.5433159734374999 0.0373046875 0.560677084375 0.0216796875 0.5884548625 0.0177734375 0.6127604171875001 0.0177734375 0.630121528125 0.0216796875 0.6405381953125 0.0197265625 0.6683159734374999 0.008984375 0.6631076390625 0.0001953125 0.6787326390625 0.0001953125 0.6960937515625 0.005078125 0.708246528125 0.012890625 0.708246528125 0.03046875 0.6839409734374999 0.0421875 0.70477430625 0.0529296875 0.7134548625 0.062841775 0.7140625 0.08373135937500001 0.7140625 0.121875 0.6967155218750001 0.121875 0.48625578750000004 0.04609375 0.5311631953125 0.0392578125 0.5433159734374999
6 0.1298828125 0.7257812484375 0.1181640625 0.7084201375 0.0869140625 0.7188368046875 0.0791015625 0.7431423609375 0.0693359375 0.7431423609375 0.060546875 0.7587673609375 0.0556640625 0.7848090265625001 0.0439453125 0.7882812484375 0.03125 0.807378471875 0.03125 0.8282118046875 0.0390625 0.838628471875 0.0556640625 0.8403645828125 0.0673828125 0.8299479171874999 0.0732421875 0.8160590265625001 0.0908203125 0.8299479171874999 0.1494140625 0.82647569375 0.1640625 0.7865451375 0.1640625 0.7552951375 0.1513671875 0.7223090265625001 0.1298828125 0.7257812484375
4 0.0009765625 0.2986111109375 0 0.48090277812500004 0.0322265625 0.503472221875 0.060546875 0.512152778125 0.0751953125 0.49652777812500004 0.08984375 0.4670138890625 0.095703125 0.44618055625 0.095703125 0.42534722187499996 0.0810546875 0.3854166671875 0.0009765625 0.2986111109375
1 0.353515625 0.8350694437499999 0.353515625 0.8420138890625 0.3603515625 0.847222221875 0.3662109375 0.8333333328125001 0.3798828125 0.8333333328125001 0.3896484375 0.8263888890625 0.39453125 0.8107638890625 0.3916015625 0.8020833328125001 0.3818359375 0.8055555562500001 0.37890625 0.800347221875 0.375 0.7899305562500001 0.373046875 0.737847221875 0.34765625 0.6961805562500001 0.34765625 0.6857638890625 0.3408203125 0.6701388890625 0.2587890625 0.6493055562500001 0.2216796875 0.6493055562500001 0.208984375 0.675347221875 0.201171875 0.7239583328125 0.201171875 0.765625 0.20703125 0.793402778125 0.205078125 0.8489583328125001 0.2255859375 0.8854166671874999 0.2421875 0.887152778125 0.2490234375 0.875 0.3193359375 0.878472221875 0.328125 0.8697916671874999 0.3349609375 0.8298611109375 0.3466796875 0.8229166671874999 0.353515625 0.8350694437499999
1 0.2978515625 0.65625 0.3056640625 0.6631944437499999 0.330078125 0.6614583328125 0.3271484375 0.6493055562500001 0.318359375 0.6510416671875 0.31640625 0.5954861109375 0.310546875 0.574652778125 0.29296875 0.546875 0.2900390625 0.53125 0.2822265625 0.5243055562500001 0.2666015625 0.5243055562500001 0.2490234375 0.5138888890625 0.1826171875 0.49652777812500004 0.169921875 0.5086805562500001 0.1484375 0.5989583328125 0.15234375 0.6267361109375 0.15234375 0.6649305562500001 0.15625 0.6961805562500001 0.1650390625 0.7048611109375 0.1748046875 0.7256944437499999 0.1875 0.7274305562500001 0.205078125 0.703125 0.2109375 0.668402778125 0.2177734375 0.652777778125 0.2255859375 0.6458333328125 0.2548828125 0.6458333328125 0.2978515625 0.65625
1 0.2306640625 0.5134548624999999 0.3087890625 0.4960937515625 0.3185546875 0.4995659734375 0.3263671875 0.5134548624999999 0.33125 0.431857640625 0.325390625 0.400607640625 0.31171875 0.3658854171875 0.2951171875 0.3398437515625 0.2873046875 0.3398437515625 0.2619140625 0.360677084375 0.1974609375 0.391927084375 0.19453125 0.4144965296875 0.173046875 0.45616319531249994 0.176953125 0.5047743062500001 0.1681640625 0.5065104171875 0.159375 0.5290798624999999 0.159375 0.556857640625 0.1671875 0.5707465296875001 0.1741699109375 0.571875 0.1782714859375 0.571875 0.2033203125 0.5273437515625 0.2306640625 0.5134548624999999
1 0.463671875 0.7703993062500001 0.494921875 0.7530381953124999 0.510546875 0.7530381953124999 0.518359375 0.759982640625 0.5232421875 0.7547743062500001 0.5251953125 0.7304687515625 0.5388671875 0.7061631953124999 0.5349609375 0.6540798624999999 0.5369140625 0.6228298624999999 0.5134765625 0.5499131953124999 0.498828125 0.5273437515625 0.403125 0.5863715296875001 0.3962890625 0.6124131953124999 0.3767578125 0.657552084375 0.3787109375 0.7061631953124999 0.37578125 0.7217881953124999 0.36796875 0.7217881953124999 0.3611328125 0.7339409734375 0.3630859375 0.7721354171875 0.36796875 0.7773437515625 0.37578125 0.7738715296875001 0.389453125 0.7530381953124999 0.403125 0.7738715296875001 0.41484375 0.7773437515625 0.41875 0.7530381953124999 0.4197265625 0.7651909734375 0.4255859375 0.7686631953124999 0.4236328125 0.7790798624999999 0.4275390625 0.7894965296875001 0.42944335625 0.790625 0.4309082046875 0.790625 0.448046875 0.766927084375 0.463671875 0.7703993062500001
1 0.18864028125 0 0.1779296875 0.029427084375000002 0.1701171875 0.0710937515625 0.1759765625 0.1092881953125 0.1935546875 0.1370659734375 0.1942871078125 0.1375 0.197399903125 0.1375 0.20625 0.1249131953125 0.2115600578125 0.1375 0.219287109375 0.1375 0.2267578125 0.1301215265625 0.2248046875 0.1162326390625 0.227734375 0.11102430468749999 0.2326171875 0.1127604171875 0.2306640625 0.123177084375 0.23359375 0.1249131953125 0.2375 0.11796875 0.247265625 0.11796875 0.278515625 0.09713541718749999 0.2873046875 0.0780381953125 0.2875 0.07039930625 0.2875 0.0016189671875 0.193701121875 0 0.18864028125 0
1 0.3609375 0.0173611109375 0.34921875 0.0173611109375 0.3033203125 0.09895833281250001 0.2935546875 0.15798611093749998 0.2955078125 0.1822916671875 0.304296875 0.20138888906250002 0.31796875 0.20486111093749998 0.3228515625 0.21354166718749998 0.3287109375 0.24826388906250002 0.343359375 0.246527778125 0.378515625 0.1979166671875 0.394140625 0.19444444375 0.3970703125 0.18923611093749998 0.403125 0.154253471875 0.403125 0.055138889062499995 0.4 0.0451388890625 0.3609375 0.0173611109375
1 0.556640625 0.5677083328125 0.560546875 0.512152778125 0.55078125 0.4947916671875 0.54296875 0.4704861109375 0.54296875 0.45659722187499996 0.5361328125 0.44444444375 0.5087890625 0.43055555625 0.4443359375 0.38194444375000003 0.423828125 0.4079861109375 0.419921875 0.42881944375 0.40625 0.45659722187499996 0.400390625 0.5225694437499999 0.4033203125 0.527777778125 0.4423828125 0.5486111109375 0.4677734375 0.5694444437499999 0.4990234375 0.5833333328125 0.51171875 0.6197916671875 0.5185546875 0.628472221875 0.5419921875 0.6111111109375 0.5517578125 0.6319444437499999 0.564453125 0.6302083328125 0.5703125 0.6232638890625 0.576171875 0.5954861109375 0.576171875 0.578125 0.5712890625 0.5729166671875 0.5615234375 0.5763888890625 0.556640625 0.5677083328125
1 0.5234375 0.38368055624999997 0.5263671875 0.3854166671875 0.5283203125 0.375 0.5322265625 0.3923611109375 0.5517578125 0.3854166671875 0.5556640625 0.3923611109375 0.5634765625 0.3923611109375 0.568359375 0.3802083328125 0.55859375 0.36631944375000003 0.5625 0.359375 0.56640625 0.30034722187499996 0.560546875 0.2760416671875 0.5546875 0.2552083328125 0.548828125 0.24826388906250002 0.5439453125 0.22569444375 0.4677734375 0.19444444375 0.4384765625 0.1979166671875 0.421875 0.2517361109375 0.416015625 0.328125 0.421875 0.33506944375000003 0.423828125 0.35590277812500004 0.4345703125 0.3645833328125 0.4384765625 0.37847222187499996 0.4462890625 0.37847222187499996 0.4541015625 0.3888888890625 0.4921875 0.39756944375000003 0.501953125 0.38368055624999997 0.501953125 0.36631944375000003 0.5068359375 0.3576388890625 0.5224609375 0.3611111109375 0.525390625 0.3697916671875 0.5234375 0.38368055624999997
1 0.705078125 0.8385416671874999 0.7001953125 0.8125 0.6591796875 0.7986111109375 0.5810546875 0.7604166671875 0.5712890625 0.7638888890625 0.560546875 0.7829861109375 0.546875 0.859375 0.544921875 0.918402778125 0.5390625 0.9357638890625 0.5390625 0.9774305562500001 0.5458984375 0.9930555562500001 0.5830078125 0.996527778125 0.591796875 0.9739583328125001 0.59375 0.9427083328125001 0.6064453125 0.940972221875 0.615234375 0.949652778125 0.62109375 0.987847221875 0.6318359375 0.996527778125 0.6982421875 0.996527778125 0.7060546875 0.9861111109375 0.7216796875 0.996527778125 0.734375 0.9947916671874999 0.73828125 0.984375 0.736328125 0.9600694437499999 0.7314453125 0.9479166671874999 0.720703125 0.9427083328125001 0.72265625 0.8836805562500001 0.705078125 0.8385416671874999
1 0.655078125 0.778125 0.6921875 0.757291665625 0.70390625 0.757291665625 0.7107421875 0.7486111109375 0.7087890625 0.741666665625 0.713671875 0.7364583328125 0.7205078125 0.73819444375 0.7126953125 0.7520833328125 0.717578125 0.7642361109375 0.7341796875 0.7520833328125 0.7361328125 0.73819444375 0.7439453125 0.727777778125 0.7478515625 0.7138888890625 0.7478515625 0.696527778125 0.7361328125 0.6513888890625 0.7322265625 0.5958333328125 0.7078125 0.531597221875 0.690234375 0.531597221875 0.68828125 0.5420138890625 0.666796875 0.5454861109375 0.66484375 0.5524305546875 0.653125 0.555902778125 0.6375 0.569791665625 0.61796875 0.5732638890625 0.61015625 0.5836805546875 0.59453125 0.590625 0.5876953125 0.602777778125 0.5876953125 0.616666665625 0.5720703125 0.665277778125 0.5759765625 0.73125 0.5662109375 0.741666665625 0.5720703125 0.759027778125 0.5662109375 0.76944444375 0.5740234375 0.7868055546875 0.57832031875 0.7875 0.5859374984375 0.7875 0.596484375 0.778125 0.655078125 0.778125
1 0.9462890625 0.875 0.9599609375 0.875 0.966796875 0.862847221875 0.96484375 0.8385416671874999 0.953125 0.828125 0.951171875 0.7864583328125 0.9248046875 0.7118055562500001 0.8095703125 0.6944444437499999 0.7998046875 0.6979166671875 0.7890625 0.7135416671875 0.78515625 0.7552083328125 0.775390625 0.7725694437499999 0.77734375 0.894097221875 0.7880859375 0.9166666671874999 0.7998046875 0.9131944437499999 0.826171875 0.918402778125 0.8466796875 0.878472221875 0.8759765625 0.8923611109375 0.8916015625 0.9166666671874999 0.9052734375 0.9166666671874999 0.9267578125 0.902777778125 0.9462890625 0.875
6 0.901171875 0.9236111109375 0.8796875 0.9236111109375 0.8640625 0.9305555562500001 0.8513671875 0.894097221875 0.838671875 0.878472221875 0.8328125 0.8819444437499999 0.82890625 0.8923611109375 0.8171875 0.8923611109375 0.8044921875 0.9114583328125001 0.8025390625 0.9392361109375 0.7888671875 0.9461805562500001 0.7849609375 0.9600694437499999 0.7849609375 0.987847221875 0.7796875 0.9940972218749999 0.7796875 0.9948158921875001 0.82109375 0.996527778125 0.825 0.9895833328125001 0.82890625 0.996527778125 0.901171875 0.996527778125 0.909375 0.959259259375 0.909375 0.9529513890624999 0.9060546875 0.9322916671874999 0.901171875 0.9236111109375
6 0.95703125 0.5364583328125 0.9462890625 0.503472221875 0.9423828125 0.5243055562500001 0.91796875 0.515625 0.919921875 0.46006944375 0.9150390625 0.4548611109375 0.90234375 0.45659722187499996 0.8896484375 0.503472221875 0.8642578125 0.49305555625 0.85546875 0.5260416671875 0.857421875 0.550347221875 0.8662109375 0.5694444437499999 0.8837890625 0.5798611109375 0.8955078125 0.5798611109375 0.9013671875 0.5694444437499999 0.904296875 0.574652778125 0.90234375 0.5920138890625 0.90625 0.5954861109375 0.9111328125 0.5798611109375 0.9287109375 0.590277778125 0.9501953125 0.59375 0.953125 0.574652778125 0.951171875 0.546875 0.95703125 0.5364583328125
6 0.8720703125 0.115104165625 0.8623046875 0.12552083281249998 0.8408203125 0.1637152765625 0.8310546875 0.1637152765625 0.8271484375 0.15677083281249998 0.810546875 0.1828125 0.810546875 0.21059027656249998 0.79375 0.23713348750000002 0.79375 0.2508680546875 0.80078125 0.2696180546875 0.802734378125 0.2703125 0.80625 0.2703125 0.80859375 0.26614583281250004 0.8095703125 0.2470486109375 0.8154296875 0.2435763890625 0.8251953125 0.2539930546875 0.8271484375 0.23663194375000002 0.8388671875 0.23663194375000002 0.861328125 0.2140625 0.86328125 0.161979165625 0.875 0.1515625 0.878125 0.1376736109375 0.878125 0.130034721875 0.8759765625 0.11857638906250001 0.8720703125 0.115104165625
6 0.8712890625 0.09913194374999999 0.8625 0.08350694374999999 0.833203125 0.11475694375 0.8234375 0.1390625 0.8166015625 0.1338541671875 0.8166015625 0.1164930546875 0.813671875 0.111284721875 0.8078125 0.1078125 0.8029296875 0.1130208328125 0.7931640625 0.1546875 0.7931640625 0.19288194375 0.7970703125 0.2171875 0.80390625 0.2154513890625 0.8087890625 0.20677083281250003 0.8107421875 0.1789930546875 0.821484375 0.1598958328125 0.8390625 0.1633680546875 0.860546875 0.1321180546875 0.86640625 0.1286458328125 0.872265625 0.1390625 0.875 0.136145834375 0.875 0.12089120312499999 0.8712890625 0.1164930546875 0.8712890625 0.09913194374999999
6 0.974609375 0.12673611093749998 0.9658203125 0.1111111109375 0.9599609375 0.11805555625 0.9443359375 0.1111111109375 0.9130859375 0.065972221875 0.9091796875 0.065972221875 0.908203125 0.10243055625 0.92578125 0.12673611093749998 0.927734375 0.14409722187500001 0.9365234375 0.16319444375 0.95703125 0.18576388906250002 0.9609375 0.22395833281250002 0.97265625 0.230902778125 0.986328125 0.21354166718749998 0.9921875 0.18923611093749998 0.984375 0.16840277812499999 0.984375 0.1510416671875 0.9765625 0.14756944375 0.974609375 0.12673611093749998
6 0.7732421875 0.2516493046875 0.768359375 0.24296875 0.7458984375 0.2342881953125 0.7458984375 0.19609375 0.74296875 0.1874131953125 0.7380859375 0.185677084375 0.73515625 0.1735243046875 0.7263671875 0.17526041718750002 0.7263671875 0.1891493046875 0.7302734375 0.1995659734375 0.717578125 0.222135415625 0.71171875 0.21519097343750002 0.705859375 0.2186631953125 0.7 0.2047743046875 0.694140625 0.20130208437500002 0.6873046875 0.2134548609375 0.6892578125 0.22734375 0.68046875 0.2360243046875 0.6736328125 0.2516493046875 0.6736328125 0.26206597343750004 0.678515625 0.2672743046875 0.698046875 0.2672743046875 0.7009765625 0.24817708437500002 0.709765625 0.23949652812500002 0.715625 0.25685763906250003 0.7263671875 0.2655381953125 0.729296875 0.28810763906250003 0.7517578125 0.3072048609375 0.7555175765625 0.3078125 0.763134765625 0.3078125 0.7673828125 0.300260415625 0.7732421875 0.2516493046875