6 0.94140625 0.8204881937499999 0.94921875 0.799404984375 0.953125 0.7712940406250001 0.953125 0.7326414921875 0.94921875 0.7115582828125 0.94140625 0.7010166796874999 0.94140625 0.676419603125 0.95703125 0.6658779984375001 0.9541015625 0.6535794609375001 0.9375 0.644794790625 0.93359375 0.6166838453125 0.9365234375 0.61141304375 0.9541015625 0.6149269109375 0.9609375 0.6026283734375 0.9609375 0.5885729015625001 0.953125 0.574517428125 0.953125 0.5674896921875 0.96484375 0.5499203515625 0.96484375 0.5393787484375 0.9560546875 0.5341079453125 0.9423828125 0.54816341875 0.921875 0.4901845953125 0.919921875 0.4761291234375 0.9091796875 0.4708583203125 0.904296875 0.4585597828125 0.904296875 0.4093656296875 0.8896484375 0.3900393546875 0.8818359375 0.3900393546875 0.8671875 0.4093656296875 0.8671875 0.46207364999999995 0.8544921875 0.4743721890625 0.845703125 0.4936984625 0.83984375 0.5253232765625 0.841796875 0.542892615625 0.8291015625 0.54464955 0.822265625 0.5534342203125 0.828125 0.574517428125 0.828125 0.5956006375 0.822265625 0.6026283734375 0.822265625 0.6553363937500001 0.818359375 0.6834473390625 0.8203125 0.7326414921875 0.8173828125 0.73791229375 0.8125 0.7326414921875 0.8115234375 0.67466266875 0.8046875 0.6799334703125 0.80078125 0.7150721515625 0.810546875 0.7607524359375 0.8134765625 0.7554816343749999 0.82421875 0.7607524359375 0.818359375 0.7853495125000001 0.83203125 0.799404984375 0.8466796875 0.8433283359375 0.857421875 0.85211300625 0.859375 0.8767100828125001 0.8642578125 0.8854947531249999 0.8779296875 0.8854947531249999 0.8828125 0.8731962140625 0.884765625 0.85211300625 0.8916015625 0.846842203125 0.896484375 0.85211300625 0.8994140625 0.8854947531249999 0.923828125 0.8872516859375 0.9296875 0.8802239500000001 0.931640625 0.8415714015625 0.94140625 0.8345436656249999 0.94140625 0.8204881937499999
6 0.732421875 0.816974325 0.7421875 0.7783217765625 0.7421875 0.75723856875 0.7373046875 0.7589955015625 0.734375 0.7537247 0.7421875 0.7220998875 0.73828125 0.6975028109375 0.744140625 0.68696120625 0.7421875 0.6166838453125 0.73828125 0.5956006375 0.7490234375 0.593843703125 0.75390625 0.5850590328124999 0.732421875 0.5323510125 0.716796875 0.4691013875 0.7119140625 0.463830584375 0.7099609375 0.46734445312500006 0.705078125 0.4585597828125 0.705078125 0.451532046875 0.708984375 0.448018178125 0.70703125 0.4269349703125 0.712890625 0.40585176093750003 0.7109375 0.37774081718749997 0.7041015625 0.365442278125 0.7001953125 0.3759838828125 0.6923828125 0.3759838828125 0.69140625 0.37071308125 0.69921875 0.3636853453125 0.6962890625 0.3584145421875 0.6806640625 0.3584145421875 0.677734375 0.3742269484375 0.6640625 0.3953101578125 0.662109375 0.40585176093750003 0.6640625 0.451532046875 0.6388888890625 0.4572713640625 0.6435546875 0.4743721890625 0.63671875 0.47261525468750004 0.6291666671875 0.48975512343750005 0.623046875 0.5323510125 0.625 0.5534342203125 0.630859375 0.5674896921875 0.62890625 0.5850590328124999 0.615234375 0.609656109375 0.611328125 0.62722545 0.611328125 0.6483086578125 0.6015625 0.672905734375 0.6015625 0.7220998875 0.609375 0.75723856875 0.619140625 0.7642663046875 0.6220703125 0.783592578125 0.6328125 0.78886338125 0.6416015625 0.8222451281250001 0.654296875 0.8275159296875 0.66015625 0.8591407421874999 0.6650390625 0.8679254125 0.6767578125 0.8679254125 0.685546875 0.8415714015625 0.69140625 0.9118487625 0.6943359375 0.9206334328124999 0.701171875 0.9223903671875 0.7109375 0.9048210265625001 0.71484375 0.8450852703124999 0.71875 0.8275159296875 0.732421875 0.816974325
6 0.607421875 0.641280921875 0.603515625 0.606142240625 0.61328125 0.574517428125 0.61328125 0.5464064843750001 0.603515625 0.5218094078125 0.60546875 0.483156859375 0.58984375 0.46558751875000004 0.587890625 0.3953101578125 0.595703125 0.388282421875 0.591796875 0.3636853453125 0.5859375 0.349629871875 0.5859375 0.32503279687500003 0.576171875 0.2828663796875 0.5634765625 0.274081709375 0.5537109375 0.2811094453125 0.548828125 0.29340798281249997 0.546875 0.33908826875 0.5361328125 0.35138680624999996 0.521484375 0.3812546859375 0.5234375 0.4445043109375 0.509765625 0.4866707265625 0.509765625 0.613169978125 0.5126953125 0.6219546484375 0.521484375 0.62722545 0.525390625 0.6658779984375001 0.5302734375 0.67466266875 0.541015625 0.6799334703125 0.5478515625 0.70980135 0.5576171875 0.70628748125 0.5654296875 0.688718140625 0.572265625 0.7291276234375 0.5751953125 0.7343984265625 0.583984375 0.7326414921875 0.58984375 0.71858601875 0.591796875 0.6799334703125 0.59765625 0.6483086578125 0.607421875 0.641280921875
6 0.3740234375 0.607899175 0.37890625 0.5991145046875 0.3671875 0.5815451656249999 0.36328125 0.5674896921875 0.369140625 0.542892615625 0.36328125 0.47964299062500004 0.3466796875 0.44626124375 0.3408203125 0.44626124375 0.337890625 0.4374765734375 0.3408203125 0.41112256406250003 0.3447265625 0.4216641671875 0.3525390625 0.42517803593750003 0.3603515625 0.42517803593750003 0.365234375 0.416393365625 0.34375 0.356657609375 0.328125 0.3355744 0.33203125 0.30746345625 0.330078125 0.28638024687499997 0.3212890625 0.274081709375 0.3134765625 0.274081709375 0.3017578125 0.28462331406249997 0.2880859375 0.2811094453125 0.28125 0.2969218515625 0.287109375 0.3285466640625 0.275390625 0.349629871875 0.26953125 0.37774081718749997 0.26953125 0.4234211015625 0.2734375 0.4445043109375 0.267578125 0.451532046875 0.263671875 0.4761291234375 0.267578125 0.5569480890625 0.26171875 0.5850590328124999 0.2705078125 0.5868159671875001 0.271484375 0.6026283734375 0.2900390625 0.6254685156249999 0.2998046875 0.6254685156249999 0.302734375 0.641280921875 0.3134765625 0.6465517234375 0.3212890625 0.6676349328125 0.33203125 0.6658779984375001 0.333984375 0.62722545 0.3447265625 0.6043853078125 0.3564453125 0.6008714390625001 0.3740234375 0.607899175
6 0.21875 0.4936984625 0.2265625 0.4866707265625 0.2265625 0.47964299062500004 0.220703125 0.47261525468750004 0.216796875 0.37071308125 0.2255859375 0.368956146875 0.228515625 0.36017147656250004 0.216796875 0.3109773234375 0.205078125 0.28638024687499997 0.203125 0.2688109078125 0.1962890625 0.2600262375 0.1904296875 0.2600262375 0.185546875 0.2652970390625 0.166015625 0.321518928125 0.15625 0.36017147656250004 0.16796875 0.3671992125 0.166015625 0.4269349703125 0.16015625 0.4445043109375 0.162109375 0.4901845953125 0.171875 0.5182955390624999 0.18359375 0.52883714375 0.1875 0.5534342203125 0.1904296875 0.558705021875 0.1953125 0.5569480890625 0.19921875 0.5499203515625 0.19921875 0.5358648796875001 0.21484375 0.511267803125 0.21875 0.4936984625
6 0.154296875 0.4585597828125 0.150390625 0.4445043109375 0.154296875 0.4234211015625 0.15234375 0.3671992125 0.14453125 0.3461160046875 0.1494140625 0.33381746562500003 0.1591796875 0.33381746562500003 0.162109375 0.3285466640625 0.15625 0.318005059375 0.1484375 0.2793525109375 0.1416015625 0.26705397343750004 0.134765625 0.2652970390625 0.1328125 0.23367222656250003 0.1240234375 0.22488755624999998 0.1171875 0.23367222656250003 0.1171875 0.2617831703125 0.1015625 0.2793525109375 0.091796875 0.3355744 0.0966796875 0.337331334375 0.107421875 0.356657609375 0.1015625 0.3917962890625 0.1015625 0.4409904421875 0.09765625 0.4445043109375 0.099609375 0.46207364999999995 0.1064453125 0.463830584375 0.1123046875 0.481399925 0.1162109375 0.47788605625 0.119140625 0.49721233125 0.1279296875 0.5130247375 0.1328125 0.511267803125 0.13671875 0.4691013875 0.1416015625 0.46031671718749995 0.1513671875 0.463830584375 0.154296875 0.4585597828125
6 0.44921875 0.4901845953125 0.44921875 0.47964299062500004 0.453125 0.47261525468750004 0.44921875 0.416393365625 0.451171875 0.3953101578125 0.4560546875 0.3935532234375 0.458984375 0.38476855312499997 0.458984375 0.37071308125 0.4453125 0.36017147656250004 0.4453125 0.318005059375 0.4404296875 0.305706521875 0.4296875 0.3004357203125 0.42578125 0.2688109078125 0.4296875 0.2477276984375 0.4189453125 0.2459707640625 0.41015625 0.2652970390625 0.41015625 0.289894115625 0.3984375 0.3039495875 0.390625 0.33908826875 0.3837890625 0.340845203125 0.380859375 0.349629871875 0.390625 0.3636853453125 0.39453125 0.3812546859375 0.392578125 0.388282421875 0.3984375 0.3953101578125 0.392578125 0.419907234375 0.396484375 0.514781671875 0.39453125 0.5253232765625 0.4033203125 0.5376218140625 0.4130859375 0.5341079453125 0.416015625 0.56046195625 0.4228515625 0.5727604953125 0.42578125 0.5710035609374999 0.4296875 0.5674896921875 0.4296875 0.5393787484375 0.453125 0.5042400671875 0.44921875 0.4901845953125
6 0.26171875 0.24421383125 0.265625 0.2020474140625 0.25390625 0.18096420468750002 0.25390625 0.163394865625 0.2490234375 0.1546101953125 0.2412109375 0.1546101953125 0.236328125 0.163394865625 0.236328125 0.18096420468750002 0.23046875 0.191505809375 0.232421875 0.23718609375000002 0.22265625 0.272324775 0.22265625 0.29340798281249997 0.2265625 0.3039495875 0.2265625 0.318005059375 0.2333984375 0.3303035984375 0.2392578125 0.3303035984375 0.2470703125 0.35138680624999996 0.251953125 0.349629871875 0.25390625 0.33206053281250003 0.267578125 0.3109773234375 0.267578125 0.25826930312499996 0.26171875 0.24421383125
6 0.388671875 0.33908826875 0.39453125 0.318005059375 0.39453125 0.3039495875 0.3896484375 0.29516491718750004 0.3779296875 0.2986787859375 0.3740234375 0.305706521875 0.3642578125 0.305706521875 0.361328125 0.3004357203125 0.35546875 0.25826930312499996 0.3740234375 0.2529985 0.37890625 0.24421383125 0.3720703125 0.228401425 0.3623046875 0.22488755624999998 0.3564453125 0.20731821562500002 0.3466796875 0.20731821562500002 0.341796875 0.2196167546875 0.34375 0.25826930312499996 0.337890625 0.2652970390625 0.33203125 0.28638024687499997 0.33203125 0.3144911921875 0.3359375 0.321518928125 0.3359375 0.33908826875 0.357421875 0.388282421875 0.3671875 0.416393365625 0.3671875 0.4269349703125 0.3603515625 0.432205771875 0.3525390625 0.4216641671875 0.3408203125 0.4286919046875 0.33984375 0.43396270625 0.36328125 0.4761291234375 0.365234375 0.49721233125 0.3681640625 0.5024831328125 0.375 0.5007262 0.375 0.4409904421875 0.3818359375 0.4216641671875 0.390625 0.416393365625 0.388671875 0.33908826875
6 0.208984375 0.2617831703125 0.208984375 0.1985335453125 0.205078125 0.1774503375 0.1923828125 0.144068590625 0.17578125 0.1774503375 0.173828125 0.1985335453125 0.173828125 0.2406999625 0.1796875 0.254755434375 0.1796875 0.2652970390625 0.18359375 0.2688109078125 0.1884765625 0.2600262375 0.1982421875 0.2600262375 0.2041015625 0.26705397343750004 0.208984375 0.2617831703125
6 0.0576171875 0.12649925 0.052734375 0.14582552499999998 0.0480769234375 0.1776035046875 0.048717948437500005 0.20066889687499997 0.053205128125 0.2318071734375 0.0595703125 0.2529985 0.0625 0.2512415671875 0.072265625 0.22664449062499997 0.072265625 0.163394865625 0.064453125 0.131770053125 0.0576171875 0.12649925
6 0.0927734375 0.1194715140625 0.08333333281250001 0.1476184984375 0.08076923124999999 0.2041287046875 0.095703125 0.22664449062499997 0.10546875 0.20907515000000002 0.107421875 0.1528532609375 0.1015625 0.128256184375 0.0927734375 0.1194715140625
6 0.1371794875 0.12339983750000001 0.1269230765625 0.1245531078125 0.119140625 0.1563671296875 0.1171875 0.20907515000000002 0.1201171875 0.22488755624999998 0.1391025640625 0.23526698124999998 0.146794871875 0.21566139999999998 0.146484375 0.159880996875 0.138671875 0.14231165625 0.1371794875 0.12339983750000001
6 0.232421875 0.159880996875 0.2255859375 0.147582459375 0.2216796875 0.147582459375 0.2141025640625 0.1568446546875 0.2109375 0.17393646875 0.2109375 0.25826930312499996 0.220703125 0.27583864375 0.23076923124999998 0.24333986875 0.23046875 0.18799194218749998 0.234375 0.1774503375 0.232421875 0.159880996875
4 1 0.2652970390625 0.9931640625 0.2600262375 0.8974609375 0.2600262375 0.8876953125 0.26705397343750004 0.865234375 0.32503279687500003 0.86328125 0.3461160046875 0.8779296875 0.354900675 0.88671875 0.37071308125 0.888671875 0.38476855312499997 0.90234375 0.40233789375000006 0.908203125 0.4304488375 0.90625 0.4585597828125 0.921875 0.4761291234375 0.9384765625 0.527080209375 1 0.52883714375 1 0.2652970390625