5 0.3525390625 0.847222221875 0.3681640625 0.8576388890625 0.3916015625 0.8576388890625 0.421875 0.8385416671874999 0.423828125 0.7899305562500001 0.431640625 0.7586805562500001 0.435546875 0.7552083328125 0.4375 0.7135416671875 0.4296875 0.6163194437499999 0.4189453125 0.5833333328125 0.4111328125 0.5833333328125 0.4052734375 0.5729166671875 0.3935546875 0.5694444437499999 0.2744140625 0.5555555562500001 0.2607421875 0.5486111109375 0.2568359375 0.534722221875 0.2451171875 0.527777778125 0.2392578125 0.5173611109375 0.2255859375 0.5173611109375 0.2119140625 0.527777778125 0.1982421875 0.527777778125 0.193359375 0.5329861109375 0.1904296875 0.5451388890625 0.1826171875 0.5416666671875 0.1748046875 0.5520833328125 0.1513671875 0.5625 0.1484375 0.578125 0.1416015625 0.5833333328125 0.125 0.6163194437499999 0.125 0.637152778125 0.1171875 0.6475694437499999 0.11328125 0.671875 0.0908203125 0.6805555562500001 0.078125 0.6961805562500001 0.072265625 0.734375 0.072265625 0.7725694437499999 0.0810546875 0.7916666671875 0.099609375 0.793402778125 0.099609375 0.8177083328125001 0.1083984375 0.840277778125 0.1298828125 0.84375 0.140625 0.828125 0.1435546875 0.815972221875 0.1591796875 0.8055555562500001 0.1884765625 0.8055555562500001 0.1962890625 0.8125 0.2255859375 0.815972221875 0.2451171875 0.8263888890625 0.2783203125 0.8263888890625 0.28515625 0.8350694437499999 0.283203125 0.855902778125 0.2939453125 0.8819444437499999 0.2998046875 0.8888888890625 0.318359375 0.887152778125 0.3232421875 0.8854166671874999 0.328125 0.862847221875 0.3408203125 0.847222221875 0.3525390625 0.847222221875
5 0.5283203125 0.6354166671875 0.5107421875 0.625 0.4970703125 0.6354166671875 0.4873046875 0.6354166671875 0.4814453125 0.652777778125 0.46484375 0.671875 0.4609375 0.6927083328125 0.443359375 0.7239583328125 0.439453125 0.7586805562500001 0.42578125 0.765625 0.423828125 0.8420138890625 0.43359375 0.8767361109375 0.435546875 0.9114583328125001 0.4521484375 0.940972221875 0.4658203125 0.940972221875 0.4775390625 0.9166666671874999 0.4912109375 0.9131944437499999 0.5185546875 0.9305555562500001 0.5263671875 0.940972221875 0.5380859375 0.9444444437499999 0.5419921875 0.9513888890625 0.552734375 0.949652778125 0.556640625 0.671875 0.552734375 0.6579861109375 0.5341796875 0.6319444437499999 0.5283203125 0.6354166671875
5 0.626953125 0.9322916671874999 0.630859375 0.9288194437499999 0.6328125 0.8975694437499999 0.6376953125 0.8888888890625 0.6494140625 0.8923611109375 0.654296875 0.8802083328125001 0.65625 0.831597221875 0.6875 0.7795138890625 0.6904296875 0.7673611109375 0.7021484375 0.7638888890625 0.7060546875 0.753472221875 0.7412109375 0.753472221875 0.744140625 0.737847221875 0.7421875 0.7274305562500001 0.734375 0.7170138890625 0.7314453125 0.6979166671875 0.7021484375 0.6805555562500001 0.6904296875 0.6805555562500001 0.6787109375 0.6701388890625 0.6416015625 0.6631944437499999 0.6357421875 0.652777778125 0.6259765625 0.652777778125 0.6162109375 0.6423611109375 0.5869140625 0.6388888890625 0.5703125 0.671875 0.5703125 0.734375 0.568359375 0.7482638890625 0.5625 0.7517361109375 0.564453125 0.7829861109375 0.568359375 0.7864583328125 0.5703125 0.824652778125 0.568359375 0.8454861109375 0.564453125 0.8524305562500001 0.5703125 0.862847221875 0.5703125 0.9947916671874999 0.642578125 0.9947916671874999 0.6484375 0.987847221875 0.6484375 0.9739583328125001 0.6328125 0.953125 0.626953125 0.9322916671874999
5 0.833984375 0.8663194437499999 0.8017578125 0.8020833328125001 0.787109375 0.796875 0.783203125 0.7795138890625 0.78515625 0.7760416671875 0.7763671875 0.7569444437499999 0.7099609375 0.753472221875 0.703125 0.762152778125 0.6982421875 0.7881944437499999 0.6806640625 0.7916666671875 0.6640625 0.8177083328125001 0.658203125 0.8350694437499999 0.654296875 0.9322916671874999 0.650390625 0.9461805562500001 0.6513671875 0.996527778125 0.869140625 0.9982638890625 0.87109375 0.980902778125 0.859375 0.921875 0.8515625 0.9114583328125001 0.833984375 0.8663194437499999
5 0.8095703125 0.6770833328125 0.8154296875 0.6979166671875 0.8271484375 0.7013888890625 0.841796875 0.671875 0.84375 0.6579861109375 0.853515625 0.6510416671875 0.857421875 0.637152778125 0.857421875 0.550347221875 0.849609375 0.5260416671875 0.84765625 0.48090277812500004 0.8369140625 0.46180555625 0.8154296875 0.4583333328125 0.8076171875 0.4513888890625 0.7724609375 0.4583333328125 0.7412109375 0.4583333328125 0.7314453125 0.4513888890625 0.7197265625 0.4513888890625 0.7060546875 0.4583333328125 0.705078125 0.4704861109375 0.7001953125 0.47569444375 0.6923828125 0.47569444375 0.6904296875 0.4826388890625 0.6865234375 0.47569444375 0.6826171875 0.4791666671875 0.67578125 0.4982638890625 0.662109375 0.519097221875 0.646484375 0.5954861109375 0.6328125 0.6163194437499999 0.6328125 0.640625 0.6416015625 0.652777778125 0.6611328125 0.65625 0.6728515625 0.6666666671875 0.6845703125 0.6666666671875 0.7314453125 0.6944444437499999 0.73828125 0.7170138890625 0.7431640625 0.7256944437499999 0.748046875 0.7239583328125 0.7548828125 0.6944444437499999 0.7861328125 0.6805555562500001 0.7919921875 0.6736111109375 0.8095703125 0.6770833328125
5 0.990234375 0.574652778125 0.9921875 0.4704861109375 0.986328125 0.42534722187499996 0.98046875 0.4079861109375 0.9736328125 0.39930555624999997 0.9033203125 0.39930555624999997 0.880859375 0.4357638890625 0.87109375 0.4635416671875 0.87109375 0.48090277812500004 0.865234375 0.512152778125 0.859375 0.519097221875 0.86328125 0.5295138890625 0.859375 0.550347221875 0.859375 0.6302083328125 0.8662109375 0.6423611109375 0.8740234375 0.6423611109375 0.8837890625 0.625 0.9365234375 0.628472221875 0.9482421875 0.6493055562500001 0.958984375 0.6475694437499999 0.96484375 0.6267361109375 0.966796875 0.6024305562500001 0.9814453125 0.6111111109375 0.990234375 0.574652778125
5 0.88671875 0.39409722187499996 0.880859375 0.3767361109375 0.87890625 0.3489583328125 0.8701171875 0.3229166671875 0.8369140625 0.3229166671875 0.830078125 0.33159722187499996 0.822265625 0.36284722187499996 0.80859375 0.39409722187499996 0.806640625 0.44965277812500004 0.8115234375 0.4548611109375 0.8388671875 0.4583333328125 0.8525390625 0.49652777812500004 0.86328125 0.4947916671875 0.869140625 0.484375 0.87109375 0.46006944375 0.88671875 0.41493055625 0.88671875 0.39409722187499996
5 1 0.4114583328125 0.998046875 0.390625 0.990234375 0.36284722187499996 0.9853515625 0.3541666671875 0.9384765625 0.3541666671875 0.9267578125 0.3611111109375 0.921875 0.3767361109375 0.921875 0.390625 0.9248046875 0.3958333328125 0.9697265625 0.3958333328125 0.984375 0.4114583328125 0.986328125 0.44618055625 0.990234375 0.453125 0.9921875 0.4739583328125 0.990234375 0.5572916671875 0.9931640625 0.565972221875 1 0.5642361109375 1 0.4114583328125
5 1 0.2517361109375 0.9716796875 0.25 0.966796875 0.25868055624999997 0.9609375 0.28993055624999997 0.958984375 0.3454861109375 0.9677734375 0.3541666671875 0.9853515625 0.3541666671875 0.9921875 0.36284722187499996 0.9951171875 0.37847222187499996 1 0.3767361109375 1 0.2517361109375
5 0.896484375 0.328125 0.890625 0.296875 0.8818359375 0.28819444375000003 0.8447265625 0.2916666671875 0.8359375 0.32118055624999997 0.8388671875 0.3263888890625 0.8779296875 0.3229166671875 0.880859375 0.328125 0.876953125 0.33506944375000003 0.8828125 0.3489583328125 0.884765625 0.38715277812500004 0.888671875 0.39409722187499996 0.8935546875 0.38194444375000003 0.900390625 0.3767361109375 0.896484375 0.35590277812500004 0.896484375 0.328125
5 0.958984375 0.3142361109375 0.9521484375 0.3020833328125 0.939453125 0.30034722187499996 0.94140625 0.296875 0.931640625 0.2760416671875 0.9228515625 0.24305555625 0.9111328125 0.246527778125 0.9013671875 0.23263888906250002 0.8916015625 0.23263888906250002 0.8779296875 0.24305555625 0.8115234375 0.23958333281250002 0.8046875 0.24826388906250002 0.8037109375 0.2673611109375 0.8310546875 0.2673611109375 0.8369140625 0.27777777812500004 0.8466796875 0.27777777812500004 0.8525390625 0.28819444375000003 0.8818359375 0.28819444375000003 0.8896484375 0.2951388890625 0.896484375 0.3177083328125 0.8984375 0.35243055624999997 0.9169921875 0.36805555624999997 0.921875 0.36631944375000003 0.9306640625 0.3541666671875 0.9462890625 0.3541666671875 0.958984375 0.3454861109375 0.958984375 0.3142361109375
5 0.7861328125 0.2673611109375 0.7626953125 0.2708333328125 0.755859375 0.2829861109375 0.75 0.328125 0.751953125 0.3802083328125 0.7666015625 0.40277777812500004 0.7734375 0.4010416671875 0.7822265625 0.3923611109375 0.78515625 0.3802083328125 0.7890625 0.2760416671875 0.7861328125 0.2673611109375
5 0.8359375 0.32118055624999997 0.83984375 0.296875 0.84765625 0.2864583328125 0.8447265625 0.27777777812500004 0.8349609375 0.27777777812500004 0.8291015625 0.2673611109375 0.79296875 0.27256944375000003 0.791015625 0.39409722187499996 0.7958984375 0.40277777812500004 0.806640625 0.4045138890625 0.81640625 0.36631944375000003 0.822265625 0.359375 0.826171875 0.3385416671875 0.8359375 0.32118055624999997
5 0.72358928125 0.2864699890625 0.70796428125 0.2864699890625 0.70405803125 0.276053321875 0.67866740625 0.2864699890625 0.62788615625 0.27952554375 0.61616740625 0.2829977671875 0.60933146875 0.29515054375 0.60347209375 0.32640054375 0.60347209375 0.385428321875 0.60640178125 0.39063665625 0.62007365625 0.3975811 0.65327678125 0.394108878125 0.70015178125 0.401053321875 0.70796428125 0.41146998906250004 0.72065959375 0.416678321875 0.72358928125 0.41146998906250004 0.74019084375 0.40973387812500006 0.74019084375 0.3298727671875 0.72358928125 0.2864699890625
5 0.4482421875 0.23958333281250002 0.4375 0.2517361109375 0.43359375 0.2795138890625 0.43359375 0.3420138890625 0.4365234375 0.34722222187499996 0.4462890625 0.34722222187499996 0.451171875 0.3385416671875 0.44921875 0.33159722187499996 0.453125 0.30381944375000003 0.4658203125 0.27777777812500004 0.4697265625 0.27777777812500004 0.48046875 0.30381944375000003 0.482421875 0.3454861109375 0.4853515625 0.35069444375000003 0.505859375 0.35243055624999997 0.51171875 0.3385416671875 0.51171875 0.24826388906250002 0.5087890625 0.24305555625 0.4482421875 0.23958333281250002
5 0.5751953125 0.2951388890625 0.5673828125 0.2916666671875 0.560546875 0.265625 0.5498046875 0.246527778125 0.5419921875 0.25 0.5341796875 0.23611111093749998 0.5205078125 0.23611111093749998 0.515625 0.24826388906250002 0.515625 0.35243055624999997 0.5302734375 0.3541666671875 0.5419921875 0.34722222187499996 0.5478515625 0.3576388890625 0.583984375 0.359375 0.58984375 0.328125 0.5859375 0.3107638890625 0.5791015625 0.30555555624999997 0.5751953125 0.2951388890625
5 0.4091796875 0.34375 0.4140625 0.3385416671875 0.4140625 0.3107638890625 0.4033203125 0.2986111109375 0.3994140625 0.2986111109375 0.3974609375 0.30555555624999997 0.380859375 0.24826388906250002 0.3759765625 0.24305555625 0.3642578125 0.24305555625 0.3564453125 0.23263888906250002 0.3447265625 0.23263888906250002 0.3369140625 0.24305555625 0.2685546875 0.24305555625 0.263671875 0.2517361109375 0.259765625 0.2795138890625 0.259765625 0.3420138890625 0.2646484375 0.35069444375000003 0.3408203125 0.35069444375000003 0.3603515625 0.34375 0.3642578125 0.35069444375000003 0.388671875 0.35243055624999997 0.390625 0.32465277812500004 0.3955078125 0.30902777812500004 0.404296875 0.3142361109375 0.4091796875 0.34375
5 0.224609375 0.2829861109375 0.2197265625 0.27777777812500004 0.21875 0.30381944375000003 0.212890625 0.3107638890625 0.21484375 0.32118055624999997 0.2109375 0.3489583328125 0.2177734375 0.3611111109375 0.2265625 0.36284722187499996 0.23828125 0.35243055624999997 0.240234375 0.32465277812500004 0.2265625 0.30034722187499996 0.224609375 0.2829861109375
5 0.197265625 0.2795138890625 0.21484375 0.27256944375000003 0.2080078125 0.25 0.1728515625 0.23611111093749998 0.166015625 0.24479166718749998 0.1640625 0.2829861109375 0.166015625 0.30381944375000003 0.169921875 0.3072916671875 0.166015625 0.3142361109375 0.166015625 0.35243055624999997 0.1708984375 0.3645833328125 0.177734375 0.36284722187499996 0.203125 0.35243055624999997 0.203125 0.30381944375000003 0.197265625 0.28993055624999997 0.197265625 0.2795138890625
5 0.16015625 0.3454861109375 0.1591796875 0.25 0.1044921875 0.25 0.095703125 0.26215277812500004 0.091796875 0.296875 0.1015625 0.328125 0.09765625 0.3385416671875 0.099609375 0.3489583328125 0.095703125 0.3489583328125 0.095703125 0.36284722187499996 0.1025390625 0.375 0.1123046875 0.38194444375000003 0.12109375 0.3802083328125 0.1279296875 0.37152777812500004 0.1455078125 0.37847222187499996 0.15625 0.3732638890625 0.16015625 0.3454861109375
5 0 0.38368055624999997 0.0107421875 0.39930555624999997 0.0224609375 0.40277777812500004 0.0263671875 0.41319444375 0.03515625 0.4114583328125 0.0439453125 0.3923611109375 0.0517578125 0.3923611109375 0.05859375 0.38368055624999997 0.0546875 0.3489583328125 0.060546875 0.328125 0.0791015625 0.3263888890625 0.0859375 0.3072916671875 0.083984375 0.29340277812500004 0.07421875 0.27256944375000003 0.0576171875 0.25347222187499996 0.0341796875 0.25 0.0263671875 0.2638888890625 0 0.26909722187499996 0 0.38368055624999997
5 0 0.769097221875 0.0390625 0.769097221875 0.060546875 0.7447916671875 0.060546875 0.737847221875 0.0546875 0.734375 0.056640625 0.6475694437499999 0.05078125 0.5607638890625 0.046875 0.5364583328125 0.0380859375 0.5138888890625 0.0302734375 0.5069444437499999 0.0048828125 0.5069444437499999 0 0.512152778125 0 0.769097221875
5 0.1748046875 0.5381944437499999 0.1865234375 0.5381944437499999 0.1923828125 0.527777778125 0.2119140625 0.5243055562500001 0.2216796875 0.5138888890625 0.2431640625 0.5173611109375 0.2431640625 0.5243055562500001 0.2568359375 0.527777778125 0.2626953125 0.5381944437499999 0.267578125 0.5225694437499999 0.263671875 0.44965277812500004 0.2548828125 0.43055555625 0.2490234375 0.4270833328125 0.2060546875 0.43055555625 0.1787109375 0.4236111109375 0.1298828125 0.4236111109375 0.1240234375 0.40972222187499996 0.1123046875 0.40277777812500004 0.0927734375 0.40277777812500004 0.0849609375 0.40625 0.0791015625 0.4166666671875 0.0595703125 0.4166666671875 0.0498046875 0.4236111109375 0.04296875 0.4357638890625 0.04296875 0.44618055625 0.03125 0.4635416671875 0.025390625 0.4982638890625 0.046875 0.5260416671875 0.052734375 0.5642361109375 0.0546875 0.609375 0.0595703125 0.6180555562500001 0.076171875 0.6197916671875 0.1240234375 0.6180555562500001 0.1484375 0.574652778125 0.1533203125 0.5486111109375 0.1748046875 0.5381944437499999
5 0.5103776 0.6239731515625 0.515733840625 0.6112782812499999 0.5341796875 0.597222221875 0.5439453125 0.5833333328125 0.5634765625 0.5763888890625 0.5751953125 0.5798611109375 0.576171875 0.515625 0.564453125 0.4670138890625 0.5556640625 0.4583333328125 0.4326171875 0.4479166671875 0.4267578125 0.43402777812500004 0.4130859375 0.4236111109375 0.3935546875 0.4270833328125 0.3818359375 0.44097222187499996 0.3544921875 0.44444444375 0.349609375 0.453125 0.34765625 0.4670138890625 0.330078125 0.5017361109375 0.328125 0.5260416671875 0.322265625 0.5329861109375 0.3005910046875 0.554151340625 0.3701171875 0.5625 0.3818359375 0.5694444437499999 0.4072265625 0.5694444437499999 0.4189453125 0.5798611109375 0.427734375 0.6024305562500001 0.43359375 0.6510416671875 0.453125 0.6614583328125 0.4775390625 0.652777778125 0.484375 0.640625 0.4987723578125 0.6239731515625 0.5103776 0.6239731515625