4 0.8916015625 0.7743055562500001 0.8583984375 0.753472221875 0.7763671875 0.7569444437499999 0.7529296875 0.8020833328125001 0.7265625 0.824652778125 0.7265625 0.894097221875 0.7353515625 0.9166666671874999 0.7568359375 0.90625 0.7822265625 0.9201388890625 0.79296875 0.953125 0.8046875 0.9600694437499999 0.8154296875 0.934027778125 0.8466796875 0.9270833328125001 0.8876953125 0.875 0.90625 0.862847221875 0.908203125 0.8420138890625 0.8916015625 0.7743055562500001
4 0.5361328125 0.75 0.4853515625 0.7361111109375 0.4326171875 0.7395833328125 0.396484375 0.7864583328125 0.388671875 0.824652778125 0.38671875 0.956597221875 0.3974609375 0.996527778125 0.4111328125 0.9861111109375 0.4345703125 0.996527778125 0.453125 0.9704861109375 0.443359375 0.9635416671874999 0.4521484375 0.9548611109375 0.455078125 0.9704861109375 0.4755859375 0.996527778125 0.564453125 0.9982638890625 0.5703125 0.9913194437499999 0.576171875 0.956597221875 0.578125 0.8420138890625 0.5625 0.7899305562500001 0.5439453125 0.7743055562500001 0.5361328125 0.75
4 0.6796875 0.925347221875 0.681640625 0.8385416671874999 0.67578125 0.7795138890625 0.666015625 0.7413194437499999 0.6591796875 0.7291666671875 0.5966796875 0.690972221875 0.5439453125 0.690972221875 0.5146484375 0.7083333328125 0.5078125 0.7204861109375 0.5087890625 0.7326388890625 0.5361328125 0.746527778125 0.5498046875 0.777777778125 0.56640625 0.793402778125 0.580078125 0.8524305562500001 0.59375 0.862847221875 0.609375 0.9079861109375 0.615234375 0.9600694437499999 0.62109375 0.9635416671874999 0.6328125 0.956597221875 0.64453125 0.8975694437499999 0.6552734375 0.871527778125 0.6640625 0.8767361109375 0.671875 0.921875 0.6796875 0.925347221875
3 0.786328125 0.4023437515625 0.76484375 0.4023437515625 0.6515625 0.4370659734375 0.6427734375 0.4596354171875 0.6408203125 0.48741319531249994 0.6408203125 0.5915798624999999 0.6447265625 0.6019965296875001 0.6479003859375 0.603125 0.6498828140625 0.603125 0.657421875 0.5863715296875001 0.67109375 0.5967881953124999 0.692578125 0.5967881953124999 0.704296875 0.5620659734375 0.719921875 0.5759548624999999 0.7609375 0.5516493062500001 0.778515625 0.5134548624999999 0.8015625 0.495427084375 0.8015625 0.44088541875000004 0.8009765625 0.4179687515625 0.786328125 0.4023437515625
3 0.6455078125 0.5381944437499999 0.5810546875 0.5451388890625 0.5625 0.637152778125 0.5625 0.675347221875 0.6552734375 0.7256944437499999 0.6748046875 0.7673611109375 0.6796875 0.765625 0.7001953125 0.7361111109375 0.7333984375 0.7326388890625 0.736328125 0.7239583328125 0.734375 0.6545138890625 0.720703125 0.578125 0.6455078125 0.5381944437499999
3 0.4640625 0.42335069374999995 0.4533203125 0.4493923609375 0.4572265625 0.6438368046875 0.4640625 0.6629340265625 0.469921875 0.6629340265625 0.4767578125 0.633420140625 0.485546875 0.6247395828125 0.5076660140625 0.6640625 0.509375003125 0.6640625 0.5158203125 0.6611979156250001 0.5177734375 0.5674479156250001 0.544140625 0.5448784718749999 0.559375 0.5448784718749999 0.559375 0.491658775 0.528515625 0.426822915625 0.4640625 0.42335069374999995
3 0.07421875 0.390625 0.07421875 0.46006944375 0.0810546875 0.47222222187499996 0.1025390625 0.46875 0.1142578125 0.4791666671875 0.1376953125 0.4479166671875 0.14453125 0.4739583328125 0.154296875 0.48090277812500004 0.16015625 0.4739583328125 0.162109375 0.4427083328125 0.1591796875 0.36805555624999997 0.1220703125 0.36805555624999997 0.0849609375 0.37847222187499996 0.07421875 0.390625
4 0.296875 0.4947916671875 0.291015625 0.5329861109375 0.3037109375 0.5833333328125 0.310546875 0.578125 0.3173828125 0.5451388890625 0.3369140625 0.5729166671875 0.3505859375 0.5451388890625 0.3544921875 0.5729166671875 0.3662109375 0.559027778125 0.375 0.5920138890625 0.3828125 0.5954861109375 0.388671875 0.5850694437499999 0.390625 0.519097221875 0.3798828125 0.4861111109375 0.3271484375 0.47569444375 0.3095703125 0.4791666671875 0.296875 0.4947916671875
7 0.4865234375 0.5535590265625 0.42890625 0.5448784718749999 0.4015625 0.5622395828125 0.3986328125 0.6368923609375 0.4025390625 0.68203125 0.405615234375 0.6828125 0.409912109375 0.6828125 0.423046875 0.6594618046875 0.462109375 0.6594618046875 0.489453125 0.680295140625 0.496875 0.6465760031250001 0.496875 0.6373263890625 0.4904296875 0.6230034718749999 0.4865234375 0.5535590265625
4 0.2841796875 0.6354166671875 0.26953125 0.6614583328125 0.267578125 0.6788194437499999 0.2783203125 0.690972221875 0.2919921875 0.6805555562500001 0.298828125 0.7100694437499999 0.3125 0.7274305562500001 0.3193359375 0.75 0.3359375 0.7517361109375 0.349609375 0.7447916671875 0.3515625 0.7135416671875 0.349609375 0.6788194437499999 0.3349609375 0.6388888890625 0.2939453125 0.6319444437499999 0.2841796875 0.6354166671875
7 0.03359375 0.390625 0.03359375 0.44965277812500004 0.042708334375000004 0.459375 0.0445312484375 0.459375 0.055078125 0.453125 0.0580078125 0.4270833328125 0.0765625 0.4286541 0.0765625 0.37450396874999997 0.0652343734375 0.36875 0.0590494828125 0.36875 0.027734375 0.3732638890625 0.03359375 0.390625
6 0.3642578125 0.78125 0.3564453125 0.7986111109375 0.337890625 0.8038194437499999 0.337890625 0.8697916671874999 0.3564453125 0.90625 0.3681640625 0.8993055562500001 0.376953125 0.921875 0.3828125 0.9079861109375 0.3828125 0.855902778125 0.37890625 0.8350694437499999 0.359375 0.8072916671874999 0.369140625 0.7899305562500001 0.3642578125 0.78125
4 0.7158203125 0.7326388890625 0.693359375 0.7447916671875 0.6875 0.762152778125 0.69921875 0.769097221875 0.72265625 0.8663194437499999 0.724609375 0.824652778125 0.7568359375 0.7916666671875 0.7734375 0.7552083328125 0.7685546875 0.746527778125 0.7490234375 0.7326388890625 0.7158203125 0.7326388890625
4 0.205078125 0.41840277812500004 0.208984375 0.39756944375000003 0.1982421875 0.36805555624999997 0.17578125 0.3732638890625 0.171875 0.39409722187499996 0.1767578125 0.4201388890625 0.205078125 0.41840277812500004
1 0.2265625 0.5607638890625 0.236328125 0.5711805562500001 0.24609375 0.6163194437499999 0.2578125 0.5711805562500001 0.26953125 0.5607638890625 0.26953125 0.543402778125 0.2587890625 0.53125 0.2294921875 0.53125 0.2265625 0.5607638890625
4 0.58984375 0.48090277812500004 0.58984375 0.5086805562500001 0.5947265625 0.5243055562500001 0.61328125 0.5260416671875 0.6201171875 0.5104166671875 0.640625 0.5052083328125 0.63671875 0.47743055625 0.6181640625 0.46527777812500004 0.5966796875 0.46527777812500004 0.58984375 0.48090277812500004
6 0.37734375 0.6783854171875 0.3607421875 0.6488715296875001 0.35 0.688802084375 0.3578125 0.720052084375 0.355859375 0.7582465296875001 0.36331380156250004 0.778125 0.364013671875 0.778125 0.3705078125 0.759982640625 0.3783203125 0.7738715296875001 0.3796875 0.769820603125 0.3796875 0.7540798625 0.375390625 0.7235243062500001 0.37734375 0.6783854171875
4 0.3626953125 0.40616319531249995 0.3578125 0.42178819531249995 0.3653076171875 0.4484375 0.36789202187500003 0.4484375 0.3900390625 0.43741319531249995 0.3953125 0.4066096234375 0.3953125 0.3967250640625 0.3861328125 0.39227430625 0.3626953125 0.40616319531249995
7 0.4216796875 0.364409721875 0.41875 0.380034721875 0.434375 0.3904513890625 0.440234375 0.4217013890625 0.4446289015625 0.421875 0.4859375 0.421875 0.4953125 0.41354166562500005 0.4953125 0.359024084375 0.4509765625 0.35399305625 0.4216796875 0.364409721875
3 0.4765625 0.38085455156250003 0.4765625 0.383709490625 0.479296875 0.42421875 0.509326184375 0.428125 0.52043456875 0.428125 0.525 0.4227141203125 0.525 0.4211631953125 0.5203125 0.389496528125 0.4765625 0.38085455156250003
3 0.5625 0.47743055625 0.5859375 0.47743055625 0.587890625 0.453125 0.580078125 0.4114583328125 0.5361328125 0.38194444375000003 0.533203125 0.41840277812500004 0.55859375 0.4322916671875 0.5625 0.47743055625
4 0.0552734375 0.30868055625 0.050390625 0.31736111093749997 0.05234375 0.3381944453125 0.0606445234375 0.3390625 0.068974034375 0.3390625 0.069921875 0.3104166671875 0.0552734375 0.30868055625
4 1 0.9114583328125001 0.9755859375 0.878472221875 0.9287109375 0.8680555562500001 0.8974609375 0.871527778125 0.849609375 0.9288194437499999 0.845703125 0.9600694437499999 0.8505859375 0.9756944437499999 0.8837890625 0.9791666671874999 0.8984375 0.9288194437499999 0.8984375 0.9079861109375 0.9072265625 0.90625 0.923828125 0.9600694437499999 0.923828125 0.9947916671874999 0.951171875 0.9982638890625 0.9716796875 0.96875 1 0.9600694437499999 1 0.9114583328125001