4 0.3300781234375 0.596023996875 0.3076171875 0.5297991078125001 0.2255859375 0.5326171859375 0.20703125 0.596023996875 0.1894531234375 0.610114396875 0.2050781234375 0.6242048 0.2011718765625 0.7200195328125 0.2128906234375 0.7397460921875 0.3378906234375 0.731291853125 0.3339843765625 0.6213867171875 0.3457031234375 0.6044782359374999 0.3300781234375 0.596023996875
4 0 0.7989257828125 0.0556640625 0.8200613859375 0.1328125 0.8242885031249999 0.140625 0.7791992171875 0.16015625 0.7453822531250001 0.1542968765625 0.6298409609375 0.1240234375 0.5946149578125 0.0361328125 0.6002511140625 0 0.6833844859375 0 0.7989257828125
4 0.5625 0.8017438609375 0.55859375 0.7397460921875 0.56640625 0.714383371875 0.5302734375 0.6087053578125 0.4599609375 0.6087053578125 0.4394531234375 0.6382952000000001 0.4316406234375 0.70311105 0.41796875 0.714383371875 0.42578125 0.7341099328125 0.4238281234375 0.8637416281249999 0.43359375 0.8778320328125 0.4580078125 0.86796875 0.46875 0.8271065859375 0.4873046875 0.8059709828124999 0.5625 0.8017438609375
4 0.7597656234375 0.7200195328125 0.7294921875 0.6397042421875 0.6416015625 0.6397042421875 0.6035156234375 0.728473771875 0.6113281234375 0.7425641749999999 0.6191406234375 0.8834681921875 0.7675781234375 0.8919224328125 0.77734375 0.8440150671875 0.7675781234375 0.7482003359375 0.78125 0.728473771875 0.7597656234375 0.7200195328125
4 0.8525390625 0.4875279 0.7802734375 0.484709821875 0.75390625 0.519935825 0.7480468765625 0.6157505578125 0.7597656234375 0.6692940859375 0.796875 0.674930246875 0.8291015625 0.5861607140625 0.8984375 0.5622070328125 0.8808593765625 0.5509347109375 0.8525390625 0.4875279
4 0.8955078125 0.3494419640625 0.8574218765625 0.4241210921875 0.8574218765625 0.477664621875 0.9589843765625 0.48611886093749995 0.9863281234375 0.4466657359375 0.98828125 0.3790318078125 0.9658203125 0.34662388593750004 0.8955078125 0.3494419640625
4 0.5244140625 0.3748046859375 0.5 0.44102957500000006 0.5 0.505845425 0.5400390625 0.524162946875 0.5878906234375 0.5227539078125 0.5917968765625 0.469210378125 0.609375 0.42693917499999995 0.5810546875 0.3748046859375 0.5244140625 0.3748046859375
4 0.46875 0.4607561390625 0.4541015625 0.4114397328125 0.3857421875 0.4114397328125 0.359375 0.469210378125 0.3691406234375 0.5706612718749999 0.421875 0.5706612718749999 0.4501953125 0.512890625 0.4746093765625 0.505845425 0.484375 0.469210378125 0.46875 0.4607561390625
4 0.0869140625 0.41707589218749996 0.07617187656249999 0.4438476578125 0.06640625 0.519935825 0.09179687656249999 0.5847516749999999 0.18359375 0.573479353125 0.1777343765625 0.477664621875 0.1435546875 0.41707589218749996 0.0869140625 0.41707589218749996
4 0.3564453125 0.3240792421875 0.2900390625 0.3240792421875 0.2734375 0.359305246875 0.2714843765625 0.39030412812500004 0.3134765625 0.397349328125 0.3291015625 0.45652901718749994 0.359375 0.45511997812500005 0.3837890625 0.4114397328125 0.4003906234375 0.4043945328125 0.3828125 0.359305246875 0.3564453125 0.3240792421875
4 0.8798828125 0.577706471875 0.828125 0.5903878359375 0.8066406234375 0.663657925 0.8076171875 0.7749721 0.8251953125 0.7721540171875 0.8544921875 0.7327008921875 0.9404296875 0.7327008921875 0.9863281234375 0.793289621875 0.9853515625 0.8059709828124999 0.99609375 0.8045619421874999 0.9980468765625 0.7651088171875 0.9765625 0.689020646875 0.9365234375 0.6002511140625 0.8798828125 0.577706471875
3 0.63671875 0.257854353125 0.6220703125 0.183175221875 0.4638671875 0.118359375 0.4013671875 0.118359375 0.3828125 0.1310407359375 0.3769531234375 0.269126675 0.4140625 0.3085798 0.4228515625 0.3381696421875 0.4482421875 0.3240792421875 0.4619140625 0.304352678125 0.5166015625 0.304352678125 0.5546875 0.348032925 0.5576171875 0.369168528125 0.5927734375 0.3719866078125 0.5966796875 0.3860770078125 0.6074218765625 0.3846679671875 0.6123046875 0.36635044687499996 0.6337890625 0.3635323640625 0.6386718765625 0.350851003125 0.63671875 0.257854353125
3 0.828125 0.190220425 0.8222656234375 0.1423130578125 0.7705078125 0.090178571875 0.7060546875 0.090178571875 0.6884765625 0.07890625 0.6728515625 0.0845424109375 0.6660156234375 0.097223771875 0.6640625 0.125404575 0.6640625 0.22967355 0.6748046875 0.23953682812500002 0.7060546875 0.24799107187499997 0.7216796875 0.264899553125 0.7578125 0.2634905140625 0.7626953125 0.24799107187499997 0.7744140625 0.2423549109375 0.8261718765625 0.24376395 0.828125 0.190220425
3 0.9541015625 0.06481585 0.9365234375 0.053543528124999996 0.9052734375 0.0479073640625 0.8583984375 0.050725446875 0.8515625 0.060588728125000005 0.8496093765625 0.07467912812500001 0.84375 0.18740234218750002 0.8691406234375 0.26067243281249997 0.8847656234375 0.2634905140625 0.8847656234375 0.153585378125 0.9091796875 0.1409040171875 0.9306640625 0.1409040171875 0.9541015625 0.1493582578125 0.96875 0.1676757828125 0.97265625 0.190220425 0.9667968765625 0.2099469859375 0.9667968765625 0.2634905140625 0.9697265625 0.2705357140625 0.9824218765625 0.269126675 0.98828125 0.162039621875 0.98828125 0.10567801406249999 0.984375 0.097223771875 0.9541015625 0.06481585
4 0.7744140625 0.4255301359375 0.7792968765625 0.415666853125 0.7832031234375 0.359305246875 0.7792968765625 0.29730747812499997 0.7705078125 0.28180803593750003 0.7626953125 0.2789899578125 0.7158203125 0.2789899578125 0.7001953125 0.290262278125 0.68359375 0.311397878125 0.671875 0.3564871640625 0.6738281234375 0.3790318078125 0.6865234375 0.4001674109375 0.6953125 0.40721261093749994 0.7060546875 0.433984375 0.7294921875 0.433984375 0.7412109375 0.4396205359375 0.7451171875 0.45089285781250005 0.75 0.4494838171875 0.75390625 0.44102957500000006 0.75390625 0.429757253125 0.7607421875 0.41707589218749996 0.7744140625 0.4255301359375
4 0.9091796875 0.34098772187500004 0.9248046875 0.34380580312500003 0.93359375 0.336760603125 0.92578125 0.3170340390625 0.8955078125 0.276171875 0.8779296875 0.2733537921875 0.8740234375 0.28180803593750003 0.8251953125 0.2846261140625 0.81640625 0.29448939687500003 0.8125 0.31421596093750004 0.8046875 0.3254882828125 0.8027343765625 0.3705775671875 0.8046875 0.3846679671875 0.8095703125 0.391713171875 0.8310546875 0.3860770078125 0.8486328125 0.39453125 0.859375 0.3931222109375 0.8603515625 0.383258928125 0.8740234375 0.38044085 0.8994140625 0.34380580312500003 0.9091796875 0.34098772187500004
1 0.67578125 0.4635742171875 0.671875 0.452301896875 0.6630859375 0.445256696875 0.6220703125 0.44243861406249996 0.6025390625 0.45089285781250005 0.59375 0.4635742171875 0.5917968765625 0.556570871875 0.5859375 0.5762974328125 0.5859375 0.6044782359374999 0.5908203125 0.6143415171875 0.5986328125 0.6115234359375 0.6162109375 0.6284319218750001 0.6425781234375 0.6354771218749999 0.6533203125 0.63125 0.6777343765625 0.610114396875 0.6796875 0.5396623890625001 0.67578125 0.4635742171875
1 0.24609375 0.4241210921875 0.2421875 0.5227539078125 0.3095703125 0.526981028125 0.32421875 0.5509347109375 0.3203125 0.4100306921875 0.3076171875 0.397349328125 0.2548828125 0.4001674109375 0.24609375 0.4241210921875
4 0.1611328125 0.29308035781249997 0.1396484375 0.2789899578125 0.0712890625 0.2789899578125 0.0498046875 0.2958984359375 0.0380859375 0.29871651718750003 0.03125 0.311397878125 0.03125 0.336760603125 0.037109376562500004 0.34239676406249997 0.041015623437499996 0.376213728125 0.0478515625 0.383258928125 0.0595703125 0.3748046859375 0.0771484375 0.38044085 0.0986328125 0.34662388593750004 0.1318359375 0.34380580312500003 0.1650390625 0.3494419640625 0.1777343765625 0.3649414078125 0.1826171875 0.3888950890625 0.1865234375 0.3860770078125 0.1884765625 0.39453125 0.203125 0.3931222109375 0.2089843765625 0.38748605 0.2089843765625 0.3536690859375 0.2050781234375 0.34239676406249997 0.1611328125 0.29308035781249997
4 0.2119140625 0.2846261140625 0.1884765625 0.24799107187499997 0.1435546875 0.2423549109375 0.1103515625 0.24517299218750002 0.0732421875 0.264899553125 0.0703125 0.271944753125 0.0712890625 0.2789899578125 0.0869140625 0.2733537921875 0.1435546875 0.2789899578125 0.1982421875 0.3325334828125 0.2119140625 0.3607142859375 0.23046875 0.359305246875 0.2363281234375 0.3536690859375 0.2402343765625 0.3395786828125 0.2363281234375 0.3085798 0.2119140625 0.2846261140625
7 0.8896484375 0.146540178125 0.8828125 0.1564034609375 0.8847656234375 0.2663085921875 0.9345703125 0.3297154 0.96484375 0.34239676406249997 0.96875 0.17049386093750002 0.9580078125 0.1521763390625 0.9287109375 0.1409040171875 0.8896484375 0.146540178125