6 0.5283203125 0.3229166671875 0.51953125 0.3454861109375 0.521484375 0.36284722187499996 0.5078125 0.3767361109375 0.541015625 0.38715277812500004 0.57421875 0.3802083328125 0.572265625 0.35243055624999997 0.5537109375 0.31944444375000003 0.5283203125 0.3229166671875
4 0 0.9913194437499999 0.04296875 0.9947916671874999 0.1044921875 0.940972221875 0.1171875 0.918402778125 0.1171875 0.36284722187499996 0.1240234375 0.34722222187499996 0.1865234375 0.35069444375000003 0.193359375 0.3420138890625 0.158203125 0.19965277812499999 0.1435546875 0.18055555625 0.0908203125 0.17013888906250002 0.0166015625 0.17013888906250002 0 0.17881944375 0 0.9913194437499999
4 0.212890625 0.5329861109375 0.2255859375 0.5069444437499999 0.2392578125 0.5069444437499999 0.2578125 0.4670138890625 0.279296875 0.3732638890625 0.2412109375 0.37152777812500004 0.25 0.3802083328125 0.240234375 0.4010416671875 0.25390625 0.41840277812500004 0.2353515625 0.43055555625 0.23828125 0.41493055625 0.2265625 0.390625 0.2314453125 0.37152777812500004 0.2236328125 0.3888888890625 0.2138671875 0.3888888890625 0.2138671875 0.36805555624999997 0.1689453125 0.36805555624999997 0.154296875 0.38715277812500004 0.1552734375 0.3958333328125 0.150390625 0.38715277812500004 0.15234375 0.4079861109375 0.125 0.45659722187499996 0.125 0.6267361109375 0.1494140625 0.6423611109375 0.23046875 0.6510416671875 0.244140625 0.5850694437499999 0.2333984375 0.5625 0.2197265625 0.5555555562500001 0.212890625 0.5329861109375
1 0.3935546875 0.2986111109375 0.4150390625 0.3229166671875 0.4208984375 0.31944444375000003 0.431640625 0.27256944375000003 0.421875 0.22395833281250002 0.4091796875 0.20833333281250002 0.3388671875 0.19097222187500001 0.2685546875 0.20833333281250002 0.2421875 0.230902778125 0.232421875 0.3142361109375 0.2373046875 0.35069444375000003 0.34375 0.35243055624999997 0.3798828125 0.34722222187499996 0.3828125 0.32465277812500004 0.376953125 0.3142361109375 0.3935546875 0.2986111109375
4 0.82421875 0.18923611093749998 0.81640625 0.1510416671875 0.8017578125 0.13194444375 0.7822265625 0.13194444375 0.7158203125 0.15972222187500001 0.7109375 0.17881944375 0.7197265625 0.19097222187500001 0.78125 0.237847221875 0.7734375 0.3107638890625 0.79296875 0.39409722187499996 0.7890625 0.4357638890625 0.833984375 0.4427083328125 0.8515625 0.41493055625 0.849609375 0.2829861109375 0.837890625 0.203125 0.82421875 0.18923611093749998
4 0.5810546875 0.53125 0.5517578125 0.53125 0.541015625 0.49131944375 0.5537109375 0.4583333328125 0.57421875 0.44618055625 0.57421875 0.42881944375 0.58203125 0.41493055625 0.576171875 0.3802083328125 0.5859375 0.35590277812500004 0.599609375 0.2760416671875 0.6328125 0.21354166718749998 0.630859375 0.1822916671875 0.6181640625 0.1458333328125 0.5576171875 0.15625 0.4599609375 0.20833333281250002 0.4375 0.2552083328125 0.419921875 0.3385416671875 0.4228515625 0.35069444375000003 0.4462890625 0.3576388890625 0.45703125 0.39409722187499996 0.451171875 0.44965277812500004 0.45703125 0.512152778125 0.45703125 0.8211805562500001 0.4658203125 0.8298611109375 0.53125 0.831597221875 0.5673828125 0.8125 0.580078125 0.7899305562500001 0.595703125 0.546875 0.5810546875 0.53125
6 0.5283203125 0.3229166671875 0.51953125 0.3454861109375 0.5234375 0.3732638890625 0.548828125 0.38368055624999997 0.5712890625 0.37847222187499996 0.5703125 0.3454861109375 0.5556640625 0.31944444375000003 0.5283203125 0.3229166671875
6 0.6494140625 0 0.6328125 0.0260416671875 0.623046875 0.08506944375 0.625 0.15451388906250002 0.63671875 0.21354166718749998 0.599609375 0.2829861109375 0.578125 0.390625 0.580078125 0.44965277812500004 0.5556640625 0.4583333328125 0.544921875 0.47743055625 0.54296875 0.5017361109375 0.5517578125 0.53125 0.6015625 0.5399305562500001 0.58984375 0.637152778125 0.58203125 0.8420138890625 0.607421875 0.9947916671874999 0.70703125 0.9982638890625 0.78515625 0.9947916671874999 0.787109375 0.800347221875 0.775390625 0.769097221875 0.779296875 0.6788194437499999 0.771484375 0.6510416671875 0.7734375 0.5850694437499999 0.765625 0.5225694437499999 0.751953125 0.4739583328125 0.77734375 0.4635416671875 0.791015625 0.38715277812500004 0.76953125 0.30034722187499996 0.779296875 0.26215277812500004 0.77734375 0.237847221875 0.7509765625 0.23263888906250002 0.7412109375 0.21180555625 0.705078125 0.1822916671875 0.705078125 0.09201388906249999 0.697265625 0.0295138890625 0.6806640625 0 0.6494140625 0
6 0.38671875 0.5850694437499999 0.3984375 0.5711805562500001 0.408203125 0.512152778125 0.396484375 0.4392361109375 0.412109375 0.39756944375000003 0.4091796875 0.38194444375000003 0.3916015625 0.38194444375000003 0.3798828125 0.3645833328125 0.2958984375 0.3645833328125 0.279296875 0.390625 0.25390625 0.4982638890625 0.236328125 0.5260416671875 0.236328125 0.550347221875 0.25 0.5954861109375 0.240234375 0.612847221875 0.228515625 0.6892361109375 0.21875 0.828125 0.234375 0.953125 0.232421875 0.9947916671874999 0.353515625 0.9947916671874999 0.36328125 0.9774305562500001 0.3828125 0.824652778125 0.392578125 0.6336805562500001 0.38671875 0.5850694437499999
6 0.93359375 0.42881944375 0.931640625 0.26909722187499996 0.919921875 0.237847221875 0.919921875 0.22048611093749998 0.9296875 0.21354166718749998 0.9296875 0.171875 0.91796875 0.1302083328125 0.90234375 0.112847221875 0.8984375 0.07118055625 0.8876953125 0.0625 0.87890625 0.078125 0.884765625 0.1232638890625 0.8671875 0.1614583328125 0.859375 0.24131944375 0.875 0.24826388906250002 0.869140625 0.328125 0.87890625 0.41493055625 0.896484375 0.44618055625 0.900390625 0.4739583328125 0.91015625 0.48090277812500004 0.91796875 0.4670138890625 0.919921875 0.4357638890625 0.9287109375 0.44097222187499996 0.93359375 0.42881944375
6 1 0.11631944375 0.98828125 0.078125 0.9755859375 0.06944444375 0.95703125 0.1302083328125 0.9609375 0.2864583328125 0.990234375 0.328125 1 0.30034722187499996 1 0.11631944375