1 0.2865234375 0.5262187875000001 0.27578125 0.534136603125 0.26796875 0.613314759375 0.269921875 0.6354846421875 0.2640625 0.6639887796874999 0.2640625 0.7146627984375 0.26754659687500004 0.7203125 0.2688599625 0.7203125 0.2865234375 0.7067449828125001 0.33046875 0.70516141875 0.3328125 0.6823581109375 0.3328125 0.5936785765625 0.3314453125 0.5293859140625 0.2865234375 0.5262187875000001
4 0.4775390625 0.7221047796875 0.451171875 0.7965322453125 0.453125 0.8092007515624999 0.443359375 0.8788775281250001 0.447265625 0.9295515468750001 0.4931640625 0.943803615625 0.55859375 0.945387178125 0.578125 0.9073816625 0.587890625 0.8535405171875 0.583984375 0.7806966140625 0.5703125 0.733189721875 0.5419921875 0.718937653125 0.4775390625 0.7221047796875
4 0.82421875 0.8440391390625 0.8154296875 0.8297870703125 0.8017578125 0.8234528203125 0.7119140625 0.8234528203125 0.6953125 0.8567076437500001 0.68359375 0.9200501687499999 0.662109375 0.9295515468750001 0.6669921875 0.9469707406250001 0.6796875 0.95488855625 0.6806640625 0.9976447609375001 0.84765625 0.9960611984375 0.845703125 0.9707241874999999 0.8505859375 0.9628063718750001 0.8623046875 0.9628063718750001 0.865234375 0.939052925 0.84375 0.9358858 0.82421875 0.8440391390625
4 0.6107421875 0.5633568859375 0.5501953125 0.5601897578125 0.523828125 0.5712747015625 0.5140625 0.6314501 0.500390625 0.64728573125 0.50625 0.6631213625 0.50625 0.754968021875 0.5158070984375 0.7890625 0.5166273046875001 0.7890625 0.523828125 0.78030503125 0.521875 0.770803653125 0.5267578125 0.7628858375 0.5736328125 0.7533844578125 0.5873046875 0.721713196875 0.648828125 0.71379538125 0.648828125 0.688458371875 0.641015625 0.6662884874999999 0.641015625 0.65045285625 0.6515625 0.6457885421875 0.6515625 0.6342371703125 0.633203125 0.628282971875 0.6107421875 0.5633568859375
4 0.7669921875 0.6270134406250001 0.6986328125 0.63334769375 0.6859375 0.66976964375 0.678125 0.7489478015625 0.6869140625 0.7568656171875 0.7259765625 0.7600327421874999 0.73671875 0.786953315625 0.738671875 0.8091231999999999 0.7455078125 0.817041015625 0.7728515625 0.8233752687499999 0.7969642921875 0.8875 0.801196584375 0.8875 0.8015625 0.87563285 0.8015625 0.8013109546875 0.797265625 0.7362792953125 0.8015625 0.72931161875 0.8015625 0.7073528765625 0.785546875 0.638098384375 0.7669921875 0.6270134406250001
4 0.554296875 0.5433048031250001 0.56015625 0.5623075625 0.5767578125 0.5575568703125 0.6021484375 0.5005485984375 0.651953125 0.48946365625 0.65 0.460959521875 0.655859375 0.45145814062499995 0.64609375 0.448291015625 0.6294921875 0.4055348125 0.6216796875 0.3992005609375 0.5826171875 0.3992005609375 0.5640625 0.41345262656250004 0.550390625 0.460959521875 0.554296875 0.5433048031250001
4 0.30078125 0.5019895062499999 0.296875 0.527326515625 0.3037109375 0.5289100796875 0.3076171875 0.5194087015625 0.322265625 0.53366076875 0.328125 0.59700329375 0.3330078125 0.604921109375 0.3544921875 0.604921109375 0.376953125 0.6191731765624999 0.392578125 0.59700329375 0.392578125 0.5431621468750001 0.375 0.48932100156249997 0.3642578125 0.48140318593750003 0.3095703125 0.48773743906249994 0.30078125 0.5019895062499999
4 0.1822265625 0.622159353125 0.1734375 0.5952387781249999 0.155859375 0.5825702734375 0.08359375 0.5825702734375 0.0728515625 0.5968223421875 0.0728515625 0.6189922250000001 0.0630859375 0.660164865625 0.0611328125 0.7171731390625 0.0630859375 0.7678471578125 0.0762912 0.7984375 0.08542346875 0.7984375 0.089453125 0.79793485625 0.097265625 0.7789321 0.105078125 0.7757649734375 0.155859375 0.7694307203124999 0.165625 0.7757649734375 0.1828125 0.7625630578125 0.1828125 0.7504279625 0.1802734375 0.7298416421875 0.1822265625 0.622159353125
3 1 0.638374121875 0.994140625 0.5877001 0.994140625 0.5148561984375 0.9736328125 0.47209999375 0.9609375 0.48635206249999996 0.958984375 0.5085219453125001 0.947265625 0.5338589546875 0.947265625 0.5496945859375 0.955078125 0.5623630921875 0.95703125 0.578198721875 0.947265625 0.628872740625 0.9423828125 0.6272891781250001 0.9384765625 0.63679055625 0.9208984375 0.624122053125 0.9150390625 0.6494590609374999 0.8974609375 0.646291934375 0.8935546875 0.6621275640625 0.8828125 0.67004538125 0.8828125 0.9645881203125001 0.8924305140625 0.9671875 0.9022339515625 0.9671875 0.9375 0.9645881203125001 0.943359375 0.92658260625 0.98046875 0.86007295625 0.984375 0.82523456875 1 0.79673043125 1 0.638374121875
4 0 0.8834415203124999 0.009365434374999999 0.959375 0.010822340625 0.959375 0.0203125 0.9467840453124999 0.028125 0.9467840453124999 0.0447265625 0.9008607171874999 0.059375 0.8834415218749999 0.1109375 0.878708759375 0.1109375 0.8574710874999999 0.11015625 0.7725921046875001 0.03984375 0.7725921046875001 0.0271484375 0.793178425 0 0.8812245328125 0 0.8834415203124999
7 0.7595703125 0.5329991953125 0.7654296875 0.520330690625 0.7595703125 0.5044950609375001 0.7517578125 0.43165115624999995 0.725390625 0.42690046718749997 0.67265625 0.439568971875 0.6658203125 0.5139964390625 0.6716796875 0.62484585625 0.748828125 0.6295965484375 0.7536714859375 0.646875 0.7538845249999999 0.646875 0.7615234375 0.6406814890625 0.7595703125 0.5329991953125
4 0.748046875 0.43231272968749995 0.7568359375 0.4370634203125 0.763671875 0.4544826140625 0.763671875 0.5051566328125 0.771484375 0.527326515625 0.765625 0.56216490625 0.806640625 0.56533203125 0.810546875 0.555830653125 0.810546875 0.5178251375 0.798828125 0.4386469828125 0.7841796875 0.427562040625 0.7509765625 0.427562040625 0.748046875 0.43231272968749995
4 0.6615234375 0.3259583734375 0.6341796875 0.322791246875 0.61171875 0.33070906093749997 0.60390625 0.3592131984375 0.6 0.40355296406249996 0.6038249687499999 0.459375 0.60975855 0.459375 0.61953125 0.45739411093750004 0.6380859375 0.405136528125 0.6732421875 0.3988022765625 0.6765625 0.3934181609375 0.6765625 0.37061485 0.676171875 0.3655474484375 0.6615234375 0.3259583734375
4 0.7265625 0.4259784765625 0.7958984375 0.43072916718750004 0.8046875 0.46398399218749997 0.8125 0.4671511171875 0.814453125 0.40064146718750004 0.8046875 0.33729894374999997 0.7900390625 0.3198797484375 0.7451171875 0.3198797484375 0.732421875 0.36263595312499997 0.7265625 0.4259784765625
4 0.73681640625 0.30016850625 0.70166015625 0.30333563125 0.69970703125 0.31283700937500003 0.72021484375 0.3239219515625 0.73388671875 0.40310010781249994 0.74951171875 0.4126014859375 0.75581863125 0.4140625 0.7563930015625 0.4140625 0.75927734375 0.406267234375 0.759375 0.40420860156250005 0.759375 0.35735775625 0.74755859375 0.30808632187499996 0.73681640625 0.30016850625