4 0.6611328125 0.8429586468749999 0.5986328125 0.8481782062500001 0.5839843734375 0.8990688984374999 0.5839843734375 0.9617035968750001 0.6728515625 0.9551791484375001 0.6953125 0.9904111656250001 0.6953125 0.906898234375 0.6777343734375 0.852092875 0.6611328125 0.8429586468749999
4 1 0.7503114890625 0.98828125 0.6955061296875 0.9833984375 0.68898168125 0.9169921875 0.68898168125 0.8984375 0.7398723734375 0.9003906265625 0.78423861875 0.9140625 0.8103364093750001 0.9277343734375 0.8103364093750001 0.9296875 0.7737995015625 0.9462890625 0.7411772625 0.9580078125 0.7411772625 0.97265625 0.7790190609375001 0.9707031265625 0.79989729375 0.9921875 0.8155559671875 1 0.79989729375 1 0.7503114890625
4 0.730859375 0.6242751531249999 0.7296875 0.65924619375 0.7296875 0.7117739296875001 0.76015625 0.7130076437499999 0.7749001062499999 0.7234375 0.7771949203124999 0.7234375 0.7845703125 0.7012636375 0.7806640640625 0.6568973921875 0.7640625 0.6268849328125 0.730859375 0.6242751531249999
4 0.7171875 0.58686439375 0.7078125 0.6176123359375 0.7078125 0.6222445328124999 0.742578125 0.6260110796875 0.7611328125 0.6664626546875 0.7715725796874999 0.6734375 0.7733631578125 0.6734375 0.7806640640625 0.661243096875 0.7826171875 0.61948663125 0.7669921875 0.5881692828125 0.7171875 0.58686439375
4 0.77734375 0.6047405375 0.7954183312499999 0.60625 0.809108415625 0.60625 0.8183593734375 0.5864720859375 0.8183593734375 0.5682036312500001 0.7998046875 0.538191171875 0.7802734375 0.53558139375 0.7753906265625 0.5473253984374999 0.77734375 0.6047405375
4 0.4005859375 0.9204328875 0.41376012968750003 0.953125 0.45996538749999993 0.953125 0.462109375 0.9530551265625 0.48359375 0.926957334375 0.5119140625 0.9178231078125 0.5041015625 0.86823730625 0.4875 0.8356150671875 0.45234375 0.8303955078125 0.4201171875 0.83691995625 0.4025390625 0.8917253171875 0.4005859375 0.9204328875
4 0.3560546890625 0.7694714765625 0.3390625 0.80651660625 0.3390625 0.8127700859375 0.3482421890625 0.829496396875 0.364843753125 0.8360208453125001 0.3824218765625 0.8908262062500001 0.3873046890625 0.8973506546875001 0.4302734390625 0.8999604343750001 0.44031411093750006 0.9109375 0.4410938953125 0.9109375 0.446875 0.8542892984374999 0.4253906265625 0.781215484375 0.4009765640625 0.761642140625 0.3677734390625 0.761642140625 0.3560546890625 0.7694714765625
4 0.11523437343750001 0.8599222109375001 0.1044921875 0.8246901937500001 0.0615234375 0.8220804140625001 0.0292968734375 0.8338244203125 0.01953125 0.8781906656249999 0.021484373437500003 0.9590938171875001 0.0458984375 0.9421302546874999 0.0634765625 0.9134226828124999 0.0703125 0.9173373515625001 0.0751953125 0.9421302546874999 0.12109375 0.9486547 0.11523437343750001 0.8599222109375001
4 0.6220703125 0.7333479265625 0.5849609375 0.728128365625 0.5566406265625 0.742482153125 0.5488281265625 0.76857994375 0.5644531265625 0.794677734375 0.57421875 0.8468733171875 0.6425781265625 0.8364342 0.6464843734375 0.771189721875 0.6220703125 0.7333479265625
4 0.5488281265625 0.72943325625 0.5517578125 0.754226159375 0.5634765625 0.730738146875 0.6083984375 0.7255185890625 0.6220703125 0.730738146875 0.6386718734375 0.76075060625 0.6386718734375 0.7216039203125 0.6464843734375 0.711164803125 0.6328125 0.7059452453125 0.6220703125 0.6785425640625 0.5869140625 0.67332300625 0.5771484375 0.6837621234375 0.55859375 0.6850670125 0.5488281265625 0.72943325625
3 0.163476565625 0.4347908828125 0.159375 0.47498148906250004 0.159375 0.5105266703125 0.1625 0.5430967140625 0.168359375 0.54570649375 0.180078125 0.5274380390625 0.203515625 0.5274380390625 0.24479026718750002 0.55 0.25688005 0.55 0.2611328125 0.5496211625 0.2787109375 0.536572265625 0.2845703125 0.48437668437500003 0.26015625 0.43087621406250004 0.242578125 0.4204370984375 0.1859375 0.4204370984375 0.163476565625 0.4347908828125
3 0.0986328125 0.8564815125 0.1198832765625 0.875 0.12143786406249998 0.875 0.1376953125 0.8251641624999999 0.1806640625 0.8251641624999999 0.1875 0.8186397140624999 0.1855468734375 0.7794930296875 0.1933593734375 0.758614796875 0.18359375 0.70119965625 0.17578125 0.672492084375 0.1630859375 0.6607480812500001 0.0712890625 0.6555285203125 0.06445312656249999 0.6620529687500001 0.0566406265625 0.6985898765624999 0.0546875 0.7690539125 0.048828126562500004 0.7768832484375 0.0566406265625 0.8395179468749999 0.0693359375 0.8538717312499999 0.0986328125 0.8564815125
3 0.9822265625 0.356354390625 0.9660577140625 0.35 0.9637159640625 0.35 0.90703125 0.3550495 0.88359375 0.370708175 0.878125 0.3801033796875 0.878125 0.47999769375 0.8885521703125001 0.4875 0.9268081234375 0.4875 0.9646484390625 0.4868433453125 0.9841796875 0.45552599687499995 0.9822265625 0.356354390625
1 0.2763671875 0.76988483125 0.2353515625 0.7803239484375 0.23046875 0.8025070718749999 0.24609375 0.8625319906250001 0.2402343734375 0.9016786765625 0.296875 0.9147275734375 0.3125 0.8990688984374999 0.30078125 0.7790190609375001 0.2919921875 0.76988483125 0.2763671875 0.76988483125
1 0.3109375 0.8628156984375 0.32566059531249997 0.8671875 0.3286502046875 0.8671875 0.3421875 0.781912546875 0.3558593734375 0.7662538718749999 0.3578125 0.74015608125 0.3353515609375 0.7284120734374999 0.2982421859375 0.7284120734374999 0.291406246875 0.734936521875 0.2875 0.77930276875 0.3109375 0.8628156984375
4 0.4003906265625 0.7555310468750001 0.4208984375 0.7568359375 0.4296875 0.7659701640625001 0.4433593734375 0.8025070718749999 0.453125 0.8103364093750001 0.4472656265625 0.8286048625 0.4765625 0.8259950843749999 0.48828125 0.76857994375 0.4785156265625 0.76075060625 0.4658203125 0.7255185890625 0.4091796875 0.728128365625 0.4003906265625 0.7555310468750001
4 0.4568359390625 0.62745319375 0.4546875 0.6317593296874999 0.4546875 0.6450692015625 0.4646484390625 0.6561607625 0.4685546875 0.669209659375 0.4705493953125 0.671875 0.4817691453125 0.671875 0.4822265625 0.6718194359375 0.5212890625 0.669209659375 0.5232421875 0.653550984375 0.5251953125 0.6509412046875 0.5232421875 0.6483314265625 0.5212890625 0.6196238546874999 0.514453125 0.6000505125 0.506640625 0.5948309546874999 0.471484375 0.5948309546874999 0.4607421875 0.6065749609375 0.4568359390625 0.62745319375
4 0.3203125 0.7242136984374999 0.3232421875 0.728128365625 0.3486328125 0.728128365625 0.35546875 0.7372625953124999 0.35546875 0.7581408281249999 0.3574218734375 0.7633603859375 0.3642578125 0.7646652765625 0.3759765625 0.7568359375 0.3935546875 0.7568359375 0.3984375 0.7477017109374999 0.39453125 0.711164803125 0.3837890625 0.68898168125 0.3623046875 0.6863719015624999 0.3603515625 0.68898168125 0.3388671875 0.68898168125 0.3369140625 0.6915914609375 0.3310546875 0.6915914609375 0.32421875 0.6981159078125 0.3203125 0.7242136984374999
4 0.1919921875 0.9304830640624999 0.184375 0.9457502703125 0.184375 0.9700513281250001 0.196875 0.9970324296875 0.2466796875 0.9983373203125 0.2505859359375 0.9696297484375 0.257421875 0.9578857421875 0.276953125 0.9526661859375001 0.31015625 0.9552759640625 0.3109375 0.945880759375 0.3109375 0.9430100015624999 0.3072265625 0.9330928406250001 0.288671875 0.9161292765625 0.2515625 0.908299940625 0.210546875 0.9109097203125 0.1919921875 0.9304830640624999
1 0.1306640625 0.873078865625 0.1296875 0.8900424421875 0.1296875 0.9079380546875001 0.135546875 0.913530440625 0.14140625 0.913530440625 0.15703125 0.92135978125 0.172618446875 0.9421875 0.172769659375 0.9421875 0.1755859390625 0.9409331234374999 0.1794921859375 0.9226646671875001 0.1892578125 0.912225553125 0.1912109390625 0.8991766562500001 0.194140625 0.8952619859375 0.2078125 0.8952619859375 0.2126953125 0.9043962140625 0.2126953125 0.9174451109374999 0.217578125 0.9239695593749999 0.2205078125 0.9226646671875001 0.2224609390625 0.9174451109374999 0.2205078125 0.912225553125 0.2224609390625 0.909615775 0.2224609390625 0.8861277609375 0.2244140625 0.8835179828124999 0.2224609390625 0.873078865625 0.209765625 0.85872508125 0.194140625 0.853505521875 0.1453125 0.853505521875 0.1375 0.85872508125 0.1306640625 0.873078865625
6 0.9355468734375 0.7972875125 0.9316406265625 0.8077266296875001 0.9316406265625 0.8390439781250001 0.93359375 0.841653759375 0.93359375 0.8468733171875 0.9433593734375 0.8573124328124999 0.9599609375 0.8586173234375 0.96875 0.8494830953125 0.96484375 0.79989729375 0.9707031265625 0.7894581765625001 0.9707031265625 0.7764092796875001 0.9609375 0.76075060625 0.9589843734375 0.742482153125 0.9541015625 0.7385674828125001 0.9453125 0.742482153125 0.9433593734375 0.7477017109374999 0.9433593734375 0.7581408281249999 0.9355468734375 0.7659701640625001 0.93359375 0.7737995015625 0.9296875 0.7790190609375001 0.9296875 0.7894581765625001 0.9355468734375 0.7972875125
1 0.8472656265625 0.5418760093749999 0.846875 0.5423979671875 0.846875 0.55649076875 0.8472656265625 0.557534684375 0.846875 0.5580566421875 0.846875 0.56362416875 0.8477734390625 0.565625 0.8521484421875 0.565625 0.853125 0.5653640234374999 0.853125 0.5627542421875 0.8580078140625 0.558839575 0.8736328140625 0.558839575 0.8775390640625 0.561449353125 0.8824218765625 0.5523151265624999 0.884375 0.54709556875 0.884375 0.5366564515625 0.8902343765625 0.5288271156250001 0.8902343765625 0.5236075578125 0.8921875 0.5209977765625 0.8921875 0.49229020781250005 0.8892578140625 0.485765759375 0.8853515640625 0.4831559828125 0.8677734390625 0.4831559828125 0.8658203140625 0.485765759375 0.8560546890625 0.485765759375 0.849218753125 0.49229020781250005 0.849218753125 0.5001195453125 0.8472656265625 0.502729325 0.8472656265625 0.5418760093749999