5 0.6318359375 0.8576388890625 0.6474609375 0.847222221875 0.6591796875 0.847222221875 0.671875 0.862847221875 0.6767578125 0.8854166671874999 0.681640625 0.887152778125 0.7001953125 0.8888888890625 0.7060546875 0.8819444437499999 0.716796875 0.855902778125 0.71484375 0.8350694437499999 0.7216796875 0.8263888890625 0.7548828125 0.8263888890625 0.7744140625 0.815972221875 0.8037109375 0.8125 0.8115234375 0.8055555562500001 0.8408203125 0.8055555562500001 0.8564453125 0.815972221875 0.859375 0.828125 0.8701171875 0.84375 0.8916015625 0.840277778125 0.900390625 0.8177083328125001 0.900390625 0.793402778125 0.9189453125 0.7916666671875 0.927734375 0.7725694437499999 0.927734375 0.734375 0.921875 0.6961805562500001 0.9091796875 0.6805555562500001 0.88671875 0.671875 0.8828125 0.6475694437499999 0.875 0.637152778125 0.875 0.6163194437499999 0.8583984375 0.5833333328125 0.8515625 0.578125 0.8486328125 0.5625 0.8251953125 0.5520833328125 0.8173828125 0.5416666671875 0.8095703125 0.5451388890625 0.806640625 0.5329861109375 0.8017578125 0.527777778125 0.7880859375 0.527777778125 0.7744140625 0.5173611109375 0.7607421875 0.5173611109375 0.7548828125 0.527777778125 0.7431640625 0.534722221875 0.7392578125 0.5486111109375 0.7255859375 0.5555555562500001 0.6064453125 0.5694444437499999 0.5947265625 0.5729166671875 0.5888671875 0.5833333328125 0.5810546875 0.5833333328125 0.5703125 0.6163194437499999 0.5625 0.7135416671875 0.564453125 0.7552083328125 0.568359375 0.7586805562500001 0.576171875 0.7899305562500001 0.578125 0.8385416671874999 0.6083984375 0.8576388890625 0.6318359375 0.8576388890625
5 0.4892578125 0.625 0.4716796875 0.6354166671875 0.4658203125 0.6319444437499999 0.447265625 0.6579861109375 0.443359375 0.671875 0.447265625 0.949652778125 0.4580078125 0.9513888890625 0.4619140625 0.9444444437499999 0.4736328125 0.940972221875 0.4814453125 0.9305555562500001 0.5087890625 0.9131944437499999 0.5224609375 0.9166666671874999 0.5341796875 0.940972221875 0.5478515625 0.940972221875 0.564453125 0.9114583328125001 0.56640625 0.8767361109375 0.576171875 0.8420138890625 0.57421875 0.765625 0.560546875 0.7586805562500001 0.556640625 0.7239583328125 0.5390625 0.6927083328125 0.53515625 0.671875 0.5185546875 0.652777778125 0.5126953125 0.6354166671875 0.5029296875 0.6354166671875 0.4892578125 0.625
5 0.2619140625 0.7479166671875 0.25625 0.7512731484375 0.25625 0.7545138890625 0.2580078125 0.7826388890625 0.2619140625 0.7861111109375 0.2638671875 0.82430555625 0.2619140625 0.8451388890624999 0.2580078125 0.8520833343750001 0.2638671875 0.8625 0.2638671875 0.99375 0.33671875 0.99375 0.3419921875 0.9875 0.3419921875 0.9736111109375001 0.3263671875 0.952777778125 0.3205078125 0.9319444453125 0.3244140625 0.928472221875 0.3263671875 0.897222221875 0.33125 0.8885416671874999 0.34296875 0.8920138890624999 0.3478515625 0.8798611109375001 0.3498046875 0.83125 0.3810546875 0.7791666671875 0.383984375 0.7670138890625 0.395703125 0.7635416671875 0.399609375 0.753125 0.434765625 0.753125 0.4375 0.7385416671875 0.4375 0.7364583328125 0.4357421875 0.727083334375 0.4279296875 0.7166666671875 0.425 0.6975694453125 0.395703125 0.680208334375 0.383984375 0.680208334375 0.372265625 0.6697916671875 0.33515625 0.662847221875 0.329296875 0.65243055625 0.31953125 0.65243055625 0.309765625 0.6420138890625 0.28046875 0.6385416671875 0.2638671875 0.671527778125 0.2638671875 0.734027778125 0.2619140625 0.7479166671875
5 0.1982421875 0.8020833328125001 0.166015625 0.8663194437499999 0.1484375 0.9114583328125001 0.140625 0.921875 0.12890625 0.980902778125 0.130859375 0.9982638890625 0.3486328125 0.996527778125 0.349609375 0.9461805562500001 0.345703125 0.9322916671874999 0.341796875 0.8350694437499999 0.3359375 0.8177083328125001 0.3193359375 0.7916666671875 0.3017578125 0.7881944437499999 0.296875 0.762152778125 0.2900390625 0.753472221875 0.2236328125 0.7569444437499999 0.21484375 0.7760416671875 0.216796875 0.7795138890625 0.212890625 0.796875 0.1982421875 0.8020833328125001
5 0.1560546875 0.5957465281250001 0.14375 0.6144965265625 0.14375 0.64277585 0.151171875 0.6530381953125 0.170703125 0.6565104171875 0.182421875 0.6669270843749999 0.194140625 0.6669270843749999 0.241015625 0.694704859375 0.2478515625 0.71727430625 0.2521972671875 0.725 0.2554199203125 0.725 0.2576171875 0.72421875 0.264453125 0.694704859375 0.295703125 0.6808159734375 0.3015625 0.6738715281250001 0.319140625 0.67734375 0.325 0.6981770843749999 0.33671875 0.70164930625 0.3513671875 0.6721354171875 0.3533203125 0.6582465281250001 0.3630859375 0.6513020843749999 0.3669921875 0.6374131953125 0.3669921875 0.5506076390625 0.3591796875 0.5263020843749999 0.3572265625 0.48116319531249996 0.346484375 0.4620659734375 0.325 0.45859375 0.3171875 0.45164930625000005 0.28203125 0.45859375 0.25078125 0.45859375 0.241015625 0.45164930625000005 0.229296875 0.45164930625000005 0.215625 0.45859375 0.2146484375 0.470746528125 0.209765625 0.475954859375 0.201953125 0.475954859375 0.2 0.48289930625000005 0.19609375 0.475954859375 0.1921875 0.479427084375 0.1853515625 0.49852430625000005 0.1716796875 0.5193576390625 0.1560546875 0.5957465281250001
5 0.01171875 0.5288194453124999 0.0078125 0.549652778125 0.0078125 0.6295138890625 0.0146484375 0.6416666671875 0.0224609375 0.6416666671875 0.0322265625 0.6243055562500001 0.0849609375 0.627777778125 0.09658203125 0.6484375 0.0977539140625 0.6484375 0.107421875 0.646875 0.11328125 0.6260416671875 0.115234375 0.6017361125 0.1298828125 0.6104166671875 0.138671875 0.573958334375 0.140625 0.46979166718750004 0.134765625 0.424652778125 0.12890625 0.40729166718750004 0.1220703125 0.3986111125 0.0517578125 0.3986111125 0.029296875 0.43506944531249997 0.01953125 0.46284722343749995 0.01953125 0.480208334375 0.013671875 0.511458334375 0.0078125 0.518402778125 0.01171875 0.5288194453124999
5 0.119140625 0.3767361109375 0.11328125 0.39409722187499996 0.11328125 0.41493055625 0.12890625 0.46006944375 0.130859375 0.484375 0.13671875 0.4947916671875 0.1474609375 0.49652777812500004 0.1611328125 0.4583333328125 0.1884765625 0.4548611109375 0.193359375 0.44965277812500004 0.19140625 0.39409722187499996 0.177734375 0.36284722187499996 0.169921875 0.33159722187499996 0.1630859375 0.3229166671875 0.1298828125 0.3229166671875 0.12109375 0.3489583328125 0.119140625 0.3767361109375
5 0 0.5642361109375 0.0068359375 0.565972221875 0.009765625 0.5572916671875 0.0078125 0.4739583328125 0.009765625 0.453125 0.013671875 0.44618055625 0.015625 0.4114583328125 0.0302734375 0.3958333328125 0.0751953125 0.3958333328125 0.078125 0.390625 0.078125 0.3767361109375 0.0732421875 0.3611111109375 0.0615234375 0.3541666671875 0.0146484375 0.3541666671875 0.009765625 0.36284722187499996 0.001953125 0.390625 0 0.4114583328125 0 0.5642361109375
5 0.0017578125 0.2901041671875 0.0015625 0.295659721875 0.0015625 0.3473958328125 0.00859375 0.354340278125 0.026171875 0.354340278125 0.0330078125 0.3630208328125 0.03583984375 0.378125 0.0374023421875 0.378125 0.0408203125 0.376909721875 0.0408203125 0.251909721875 0.0125 0.2501736109375 0.0076171875 0.2588541671875 0.0017578125 0.2901041671875
5 0.109375 0.296875 0.103515625 0.328125 0.103515625 0.35590277812500004 0.099609375 0.3767361109375 0.1064453125 0.38194444375000003 0.111328125 0.39409722187499996 0.115234375 0.38715277812500004 0.1171875 0.3489583328125 0.123046875 0.33506944375000003 0.119140625 0.328125 0.1220703125 0.3229166671875 0.1611328125 0.3263888890625 0.1640625 0.32118055624999997 0.1552734375 0.2916666671875 0.1181640625 0.28819444375000003 0.109375 0.296875
5 0.0478515625 0.3020833328125 0.041015625 0.3142361109375 0.041015625 0.3454861109375 0.0537109375 0.3541666671875 0.0693359375 0.3541666671875 0.078125 0.36631944375000003 0.0830078125 0.36805555624999997 0.1015625 0.35243055624999997 0.103515625 0.3177083328125 0.1103515625 0.2951388890625 0.1181640625 0.28819444375000003 0.1474609375 0.28819444375000003 0.1533203125 0.27777777812500004 0.1630859375 0.27777777812500004 0.1689453125 0.2673611109375 0.1962890625 0.2673611109375 0.1953125 0.24826388906250002 0.1884765625 0.23958333281250002 0.1220703125 0.24305555625 0.1083984375 0.23263888906250002 0.0986328125 0.23263888906250002 0.0888671875 0.246527778125 0.0771484375 0.24305555625 0.068359375 0.2760416671875 0.05859375 0.296875 0.060546875 0.30034722187499996 0.0478515625 0.3020833328125
5 0.2373046875 0.2708333328125 0.2138671875 0.2673611109375 0.2109375 0.2760416671875 0.21484375 0.3802083328125 0.2177734375 0.3923611109375 0.2265625 0.4010416671875 0.2333984375 0.40277777812500004 0.248046875 0.3802083328125 0.25 0.328125 0.244140625 0.2829861109375 0.2373046875 0.2708333328125
5 0.16015625 0.296875 0.1640625 0.32118055624999997 0.173828125 0.3385416671875 0.177734375 0.359375 0.18359375 0.36631944375000003 0.193359375 0.4045138890625 0.2041015625 0.40277777812500004 0.208984375 0.39409722187499996 0.20703125 0.27256944375000003 0.1708984375 0.2673611109375 0.1650390625 0.27777777812500004 0.1552734375 0.27777777812500004 0.15234375 0.2864583328125 0.16015625 0.296875
5 0.265625 0.294641365625 0.2609375 0.319641365625 0.2609375 0.387002478125 0.2626953125 0.39012747812500004 0.2763671875 0.39707192187499996 0.3095703125 0.3935997 0.3564453125 0.40054414375 0.3642578125 0.41096081093750003 0.375626775 0.415625 0.37725920625 0.415625 0.3798828125 0.41096081093750003 0.396484375 0.40922470000000005 0.396484375 0.3293635890625 0.3798828125 0.2859608109375 0.3642578125 0.2859608109375 0.3603515625 0.27554414375 0.3349609375 0.2859608109375 0.2841796875 0.279016365625 0.2724609375 0.2824885890625 0.265625 0.294641365625
5 0.5625 0.2517361109375 0.5517578125 0.23958333281250002 0.4912109375 0.24305555625 0.48828125 0.24826388906250002 0.48828125 0.3385416671875 0.494140625 0.35243055624999997 0.5146484375 0.35069444375000003 0.517578125 0.3454861109375 0.51953125 0.30381944375000003 0.5302734375 0.27777777812500004 0.5341796875 0.27777777812500004 0.546875 0.30381944375000003 0.55078125 0.33159722187499996 0.548828125 0.3385416671875 0.5537109375 0.34722222187499996 0.5634765625 0.34722222187499996 0.56640625 0.3420138890625 0.56640625 0.2795138890625 0.5625 0.2517361109375
5 0.4146484375 0.23619791562499998 0.4109375 0.24543402812499998 0.4109375 0.35265625 0.4244140625 0.354253471875 0.4361328125 0.34730902656249996 0.4419921875 0.3577256953125 0.47631837499999996 0.359375 0.47814127656250005 0.359375 0.483984375 0.3282118046875 0.480078125 0.3108506953125 0.4732421875 0.30564236093749997 0.4693359375 0.2952256953125 0.4615234375 0.291753471875 0.4546875 0.2657118046875 0.4439453125 0.246614584375 0.4361328125 0.2500868046875 0.4283203125 0.23619791562499998 0.4146484375 0.23619791562499998
5 0.5859375 0.3385416671875 0.5908203125 0.34375 0.595703125 0.3142361109375 0.6044921875 0.30902777812500004 0.609375 0.32465277812500004 0.611328125 0.35243055624999997 0.6357421875 0.35069444375000003 0.6396484375 0.34375 0.6591796875 0.35069444375000003 0.7353515625 0.35069444375000003 0.740234375 0.3420138890625 0.740234375 0.2795138890625 0.736328125 0.2517361109375 0.7314453125 0.24305555625 0.6630859375 0.24305555625 0.6552734375 0.23263888906250002 0.6435546875 0.23263888906250002 0.6357421875 0.24305555625 0.6240234375 0.24305555625 0.619140625 0.24826388906250002 0.6025390625 0.30555555624999997 0.6005859375 0.2986111109375 0.5966796875 0.2986111109375 0.5859375 0.3107638890625 0.5859375 0.3385416671875
5 0.7732421875 0.2829861109375 0.7686848953125 0.278125 0.7683463546875 0.278125 0.7673828125 0.30381944375000003 0.7615234375 0.3107638890625 0.7634765625 0.32118055624999997 0.7609375 0.3392361109375 0.7609375 0.3513888890625 0.76640625 0.3611111109375 0.7734375015625 0.3625 0.7755859375 0.3625 0.7869140625 0.35243055624999997 0.7888671875 0.32465277812500004 0.7751953125 0.30034722187499996 0.7732421875 0.2829861109375
5 0.78671875 0.2451388890625 0.7859375 0.2604166671875 0.7859375 0.2958333328125 0.78671875 0.304166665625 0.790625 0.30763888906250003 0.78671875 0.3145833328125 0.78671875 0.352777778125 0.791252790625 0.3640625 0.795019528125 0.3640625 0.7984375 0.36319444375 0.823828125 0.352777778125 0.823828125 0.304166665625 0.81796875 0.290277778125 0.81796875 0.2798611109375 0.835546875 0.272916665625 0.8287109375 0.25034722187499997 0.7935546875 0.2364583328125 0.78671875 0.2451388890625
5 0.8408203125 0.25 0.83984375 0.3454861109375 0.84375 0.3732638890625 0.8544921875 0.37847222187499996 0.8720703125 0.37152777812500004 0.87890625 0.3802083328125 0.8876953125 0.38194444375000003 0.8974609375 0.375 0.904296875 0.36284722187499996 0.904296875 0.3489583328125 0.900390625 0.3489583328125 0.90234375 0.3385416671875 0.8984375 0.328125 0.908203125 0.296875 0.904296875 0.26215277812500004 0.8955078125 0.25 0.8408203125 0.25
5 0.9404296875 0.2642361109375 0.9140625 0.26944444375 0.9140625 0.384027778125 0.9248046875 0.399652778125 0.9365234375 0.403125 0.9400390625 0.4125 0.9457031203125 0.4125 0.94921875 0.4118055546875 0.9580078125 0.3927083328125 0.9658203125 0.3927083328125 0.97265625 0.384027778125 0.96875 0.3493055546875 0.974609375 0.32847222187499997 0.9931640625 0.3267361109375 1 0.30763888906250003 0.998046875 0.29375 0.98828125 0.272916665625 0.9716796875 0.25381944375 0.9482421875 0.25034722187499997 0.9404296875 0.2642361109375
5 0.940625 0.5112152765625 0.940625 0.76875 0.9790876109375001 0.76875 0.9998046875 0.7453125 0.9998046875 0.7383680546875 0.9939453125 0.7348958328124999 0.9958984375 0.6480902765625001 0.9900390625 0.561284721875 0.9861328125 0.536979165625 0.97734375 0.514409721875 0.96953125 0.5074652765625001 0.944140625 0.5074652765625001 0.940625 0.5112152765625
5 0.7669921875 0.6176215296875001 0.7777831859375001 0.61875 0.8003418468750001 0.61875 0.8314453125 0.6176215296875001 0.855859375 0.5742187515625 0.8607421875 0.548177084375 0.8822265625 0.5377604171875 0.8939453125 0.5377604171875 0.8998046875 0.5273437515625 0.9193359375 0.5238715296875001 0.9291015625 0.5134548624999999 0.9505859375 0.516927084375 0.9505859375 0.5238715296875001 0.9642578125 0.5273437515625 0.9701171875 0.5377604171875 0.975 0.5221354171875 0.97109375 0.4492187515625 0.9623046875 0.4301215296875 0.9564453125 0.42664930625 0.9134765625 0.4301215296875 0.8861328125 0.42317708437499996 0.8373046875 0.42317708437499996 0.8314453125 0.40928819531249994 0.8197265625 0.4023437515625 0.8001953125 0.4023437515625 0.7923828125 0.4058159734375 0.7865234375 0.416232640625 0.7669921875 0.416232640625 0.7572265625 0.42317708437499996 0.750390625 0.4353298625 0.750390625 0.4457465296875 0.738671875 0.463107640625 0.7328125 0.4978298625 0.754296875 0.525607640625 0.76015625 0.563802084375 0.762109375 0.6089409734375 0.7669921875 0.6176215296875001
5 0.5569310609375 0.6513888890625 0.5748347078125 0.6609375 0.578903715625 0.6609375 0.6008763734375 0.653125 0.6077123109375 0.640972221875 0.6221096687500001 0.6243203734375 0.633714909375 0.6243203734375 0.6390711515625 0.611625503125 0.6575169984375 0.59756944375 0.6672826234375 0.5836805546875 0.6868138734375 0.5767361109375 0.6985326234375 0.5802083328125 0.6995091859375 0.515972221875 0.6877904359375 0.4673611109375 0.6790013734375 0.4586805546875 0.5559544984375 0.44826388906250003 0.5500951234375 0.434375 0.5364232484375 0.42395833281249995 0.5168919984375 0.4274305546875 0.5051732484375 0.44131944375 0.4778294984375 0.44479166562500005 0.4729466859375 0.45347222187499997 0.4709935609375 0.4673611109375 0.4534154359375 0.5020833328125 0.4514623109375 0.5263888890625 0.4456029359375 0.5333333328125 0.4239283140625 0.5544985625 0.4934544984375 0.562847221875 0.5051732484375 0.569791665625 0.5305638734375 0.569791665625 0.5422826234375 0.5802083328125 0.5510716859375 0.602777778125 0.5569310609375 0.6513888890625