3 0.7109375 0.7046274046875001 0.724609375 0.7226562515625 0.716796875 0.7947716359375 0.72265625 0.8789062515625 0.7294921859375 0.8894230765625 0.8125 0.8909254828125001 0.828125 0.8849158671874999 0.828125 0.752704328125 0.79296875 0.5904447125 0.7822265640625 0.57391826875 0.7197265640625 0.57391826875 0.708984375 0.6084735593749999 0.7109375 0.7046274046875001
3 0.8408203140625 0.5829326921875 0.830078125 0.6084735593749999 0.830078125 0.7016225953124999 0.8515625 0.8128004828125001 0.8583984359375 0.8293269234375 0.912109375 0.8338341328125001 0.9375 0.8278245171874999 0.939453125 0.7016225953124999 0.8955078140625 0.5889423078125 0.8408203140625 0.5829326921875
3 0.6455078140625 0.646033653125 0.5986328140625 0.65204326875 0.55859375 0.743689903125 0.552734375 0.809795671875 0.556640625 0.8608774046875001 0.611328125 0.8698918250000001 0.6328125 0.8698918250000001 0.666015625 0.7496995171874999 0.66796875 0.7016225953124999 0.67578125 0.674579328125 0.6455078140625 0.646033653125
3 0.3931640609375 0.628455528125 0.384375 0.6567280359375001 0.384375 0.7155949500000001 0.394140625 0.7531550484375 0.4849609390625 0.8808593734375 0.4892773640625 0.88125 0.5049693015625001 0.88125 0.566015625 0.861328125 0.566015625 0.7501502375 0.4537109390625 0.6194411046875 0.3931640609375 0.628455528125
3 0.3544921859375 0.5829326921875 0.2060546859375 0.7061298078125 0.189453125 0.731670671875 0.189453125 0.8007812515625 0.197265625 0.8578725953124999 0.255859375 0.8819110562500001 0.2763671859375 0.8834134609375001 0.3193359359375 0.8443509609375001 0.3330078140625 0.841346153125 0.3447265640625 0.8112980765625 0.376953125 0.7797475953124999 0.3935546859375 0.721153846875 0.4375 0.68058894375 0.43359375 0.6234975953124999 0.4208984359375 0.5859375 0.3544921859375 0.5829326921875
3 0.1845703140625 0.7903846156250001 0.22736718906250003 0.8203125 0.2291796875 0.8203125 0.248046875 0.8189302890624999 0.294921875 0.7978966328125 0.296875 0.704747596875 0.2919921859375 0.6852163453125 0.1357421859375 0.5800480765625 0.09277343593750001 0.583052884375 0.07421875 0.5965745203124999 0.0703125 0.626622596875 0.07519531406249999 0.6371394234375 0.09667968593750001 0.6431490390625 0.10449218593750001 0.661177884375 0.17578125 0.72277644375 0.1845703140625 0.7903846156250001
3 0.6298828140625 0.48677884687499995 0.5849609359375 0.4837740390625 0.521484375 0.5453725953124999 0.517578125 0.6114783640625 0.5517578140625 0.6219951921875 0.568359375 0.6445312515625 0.5966796859375 0.6340144234375 0.63671875 0.56941105625 0.640625 0.5153245171874999 0.6298828140625 0.48677884687499995
3 0.556640625 0.509314903125 0.5517578140625 0.48076923125000004 0.5087890640625 0.474759615625 0.451171875 0.518329328125 0.447265625 0.596454328125 0.484375 0.6114783640625 0.515625 0.6054687484375 0.51953125 0.5453725953124999 0.556640625 0.509314903125
3 0.48173828125 0.500390628125 0.4143554671875 0.459825721875 0.3713867171875 0.4658353375 0.36259765625 0.4913762015625 0.39580078125 0.521424278125 0.39775390625 0.5695012015625001 0.41533203125 0.5905348578125 0.48271484375 0.5740084140625 0.48173828125 0.500390628125
3 0.26474609375 0.45183293437499994 0.2625 0.46680689218750004 0.2625 0.47177996406249995 0.30380859375 0.496905046875 0.3106445296875 0.5705228359375 0.3223632796875 0.58254206875 0.3672890546875 0.5890625 0.3761835953125 0.5890625 0.4046875 0.5753586984375 0.4046875 0.51294738125 0.3965820296875 0.48939302968750004 0.30478515625 0.444320915625 0.26474609375 0.45183293437499994
3 0.2412109359375 0.45072115312500005 0.2060546859375 0.45072115312500005 0.1416015640625 0.474759615625 0.134765625 0.49128605625 0.13671875 0.5453725953124999 0.166015625 0.5634014406250001 0.1845703140625 0.564903846875 0.1982421859375 0.552884615625 0.2548828140625 0.5378605765625 0.263671875 0.5033052875 0.259765625 0.4642427890625 0.2412109359375 0.45072115312500005
3 0.00849609375 0.5755108156250001 0.0015625 0.609882484375 0.0015625 0.6203039125 0.0954101546875 0.682181490625 0.1051757828125 0.7122295671875001 0.1699126875 0.7375 0.17060353749999999 0.7375 0.1696289046875 0.6010516828125 0.06220703281249999 0.5469651437499999 0.0250976546875 0.552974759375 0.00849609375 0.5755108156250001
3 0.8818359359375 0.5076021640625 0.8877148281249999 0.5078125 0.9244580078125001 0.5078125 0.9296875 0.497085334375 0.923828125 0.42196514687500003 0.9052734359375 0.3994290859375 0.8701171859375 0.40243389531249996 0.859375 0.4309795671875 0.875 0.497085334375 0.8818359359375 0.5076021640625
3 0.8671875 0.419170671875 0.8623046859375 0.396634615625 0.8251953140625 0.390625 0.787109375 0.42818509687499995 0.78125 0.49128605625 0.8125 0.5033052875 0.8349609359375 0.5048076921875 0.857421875 0.479266825 0.859375 0.43419471249999997 0.8671875 0.419170671875
3 0.7175781265625 0.3821213953125 0.7125 0.39886246875000003 0.7125 0.4066242375 0.7322265625 0.428695915625 0.7380859375 0.485787259375 0.7725911328125 0.49375 0.7791992249999999 0.49375 0.8064453125 0.47977764375 0.8025390625 0.41968149062500004 0.7566406265625 0.3791165875 0.7175781265625 0.3821213953125
3 0.69921875 0.41646634687499995 0.7060156234375 0.46875 0.7113281015624999 0.46875 0.732421875 0.467548075 0.748046875 0.45552884374999997 0.74609375 0.4074519203125 0.7392578140625 0.3909254796875 0.7099609359375 0.37590144062499997 0.6787109359375 0.37590144062499997 0.666015625 0.38641826875 0.69921875 0.41646634687499995
3 0.646484375 0.3710937484375 0.6318359359375 0.3605769234375 0.6005859359375 0.3605769234375 0.5693359359375 0.37860576875 0.564453125 0.43118990312500005 0.576171875 0.4492187484375 0.6162109359375 0.45072115312500005 0.6357421859375 0.44170673125000004 0.6484375 0.419170671875 0.646484375 0.3710937484375
3 0.4988281265625 0.35718149062500004 0.4859375 0.369080528125 0.4859375 0.4193810078125 0.4861328125 0.4247896625 0.518173834375 0.4421875 0.5228632640625 0.4421875 0.5613281265625 0.43530649062500004 0.5642578125 0.3887319703125 0.5535156265625 0.3722055265625 0.4988281265625 0.35718149062500004
3 0.423828125 0.4220853390625 0.44773762812499995 0.4390625 0.45646485468750003 0.4390625 0.5009765640625 0.4326021640625 0.505859375 0.4130709125 0.5 0.36499398906249997 0.4052734359375 0.34546274062500004 0.400390625 0.36799879999999996 0.421875 0.3860276453125 0.423828125 0.4220853390625
3 0.3358398421875 0.3274338953125 0.3046875 0.3274338953125 0.3046875 0.337386303125 0.33876953125 0.3529747578125 0.34267578125 0.41006610625000006 0.3503906265625 0.4171875 0.366468734375 0.4171875 0.40810546875 0.4115685078125 0.41298828125 0.395042065625 0.40908203125 0.349969953125 0.3358398421875 0.3274338953125
3 0.203125 0.4492187484375 0.1689453140625 0.435697115625 0.08886718593750001 0.4597355765625 0.080078125 0.479266825 0.08203125 0.5333533640625 0.123046875 0.5453725953124999 0.134765625 0.5453725953124999 0.1396484359375 0.474759615625 0.203125 0.4492187484375
3 0.09667968593750001 0.423677884375 0.005859375 0.4492187484375 0 0.4762620203125 0.00390625 0.506310096875 0.049804685937499996 0.513822115625 0.064453125 0.5423677890625 0.078125 0.5363581749999999 0.08203125 0.4672475953125 0.1337890640625 0.4447115390625 0.1318359359375 0.4296875 0.09667968593750001 0.423677884375
3 1 0.584435096875 0.9658203140625 0.564903846875 0.9208984359375 0.5709134609375 0.912109375 0.6265024046875001 0.9375 0.6926081749999999 0.994140625 0.731670671875 1 0.731670671875 1 0.584435096875
3 0.0517578140625 0.40264423125000004 0.06347656406249999 0.4056490390625 0.07128906406249999 0.40865384687499995 0.07910156406249999 0.423677884375 0.12207031406249999 0.423677884375 0.13671875 0.43419471249999997 0.1416015640625 0.435697115625 0.146484375 0.42818509687499995 0.146484375 0.41316105625 0.134765625 0.37409855937500003 0.1279296859375 0.3665865390625 0.08886718593750001 0.357572115625 0.0537109359375 0.3545673078125 0.0517578140625 0.3515625 0.0283203140625 0.357572115625 0.025390625 0.362079328125 0.0234375 0.3951322109375 0.0302734359375 0.4056490390625 0.0517578140625 0.40264423125000004
3 0.1658203125 0.3676682703125 0.165625 0.3679687515625 0.165625 0.3868990390625 0.1658203125 0.3887019234375 0.17417968749999999 0.4015625 0.1879297015625 0.4015625 0.2048828125 0.400721153125 0.2087890625 0.3856971171875 0.2087890625 0.3676682703125 0.2175781265625 0.3481370203125 0.2566406265625 0.339122596875 0.2595703125 0.334615384375 0.2595703125 0.32860576875 0.2488281265625 0.32109375 0.2273437484375 0.32109375 0.2253906265625 0.324098559375 0.1902343765625 0.3271033671875 0.1882812484375 0.330108175 0.1726562484375 0.3331129796875 0.1658203125 0.3436298109375 0.1658203125 0.3676682703125
3 0.0982421875 0.36823918437500003 0.090625 0.39167668437500003 0.090625 0.41650732343749997 0.1011718765625 0.42683293281249995 0.12048826875 0.428125 0.1238378921875 0.428125 0.1294921875 0.42232572343749997 0.1294921875 0.40730168125 0.1373046875 0.3922776453125 0.1392578125 0.3772536046875 0.14414062656249998 0.36974158749999997 0.1656249984375 0.3607271640625 0.1812499984375 0.3607271640625 0.1851562484375 0.35772235625 0.1859375 0.354116584375 0.1859375 0.353048209375 0.1773437484375 0.345703125 0.15195312656249998 0.345703125 0.1499999984375 0.3487079328125 0.14023437656249998 0.3487079328125 0.1382812484375 0.345703125 0.1343749984375 0.351712740625 0.1070312484375 0.3547175484375 0.0982421875 0.36823918437500003