4 0.8759765640625 0.8463541671874999 0.845703125 0.8554687515625 0.82421875 0.9101562484375 0.826171875 0.9726562484375 0.837890625 0.9752604171874999 0.8720703140625 0.9140625 0.9453125 0.9127604171874999 0.9267578140625 0.8515625 0.8759765640625 0.8463541671874999
4 0.7841796859375 0.9505208328125001 0.7978515640625 0.9713541671874999 0.798828125 0.9414062484375 0.779296875 0.8789062484375 0.7646484359375 0.8723958328125001 0.6904296859375 0.875 0.666015625 0.9440104171874999 0.66796875 0.9882812484375 0.68359375 0.9934895828125001 0.69921875 0.9492187515625 0.7099609359375 0.9427083328125001 0.7626953140625 0.9427083328125001 0.7841796859375 0.9505208328125001
4 0.9599609359375 0.9192708328125001 0.8740234359375 0.9140625 0.861328125 0.9283854171874999 0.83984375 0.985677084375 0.8486328140625 0.9973958328125001 0.88671875 0.998697915625 0.9853515640625 0.9947916671874999 0.9921875 0.9882812484375 0.97265625 0.9335937515625 0.9599609359375 0.9192708328125001
4 0.482421875 0.9101562484375 0.4853515640625 0.9192708328125001 0.5361328140625 0.9270833328125001 0.5537109359375 0.9635416671874999 0.568359375 0.9648437515625 0.564453125 0.9908854171874999 0.5693359359375 0.9973958328125001 0.6015625 0.9960937515625 0.60546875 0.9596354171874999 0.5751953140625 0.8958333328125001 0.5048828140625 0.8932291671874999 0.482421875 0.9101562484375
4 0.373046875 0.9283854171874999 0.3486328140625 0.8958333328125001 0.3115234359375 0.8880208328125001 0.2431640640625 0.8932291671874999 0.2216796859375 0.90625 0.205078125 0.9440104171874999 0.2099609359375 0.9583333328125001 0.2216796859375 0.9375 0.2353515640625 0.9375 0.24609375 0.9804687515625 0.2783203140625 0.9973958328125001 0.392578125 0.998697915625 0.3984375 0.9934895828125001 0.392578125 0.9596354171874999 0.376953125 0.9466145828125001 0.373046875 0.9283854171874999
4 0.5263671859375 0.8489583328125001 0.537109375 0.858072915625 0.5400390640625 0.875 0.5517578140625 0.8776041671874999 0.54296875 0.8190104171874999 0.5283203140625 0.8098958328125001 0.4599609359375 0.8151041671874999 0.44140625 0.8710937515625 0.439453125 0.8997395828125001 0.44140625 0.9179687515625 0.453125 0.9179687515625 0.4775390640625 0.9166666671874999 0.4892578140625 0.8984375 0.5048828140625 0.8932291671874999 0.5263671859375 0.8489583328125001
4 0.40234375 0.7434895828125 0.3837890640625 0.7239583328125 0.3271484359375 0.7265625 0.30859375 0.7747395828125 0.30859375 0.811197915625 0.3369140640625 0.7760416671875 0.3515625 0.8164062484375 0.365234375 0.826822915625 0.3759765640625 0.8541666671874999 0.388671875 0.858072915625 0.4111328140625 0.8567708328125001 0.416015625 0.842447915625 0.416015625 0.7877604171875 0.40234375 0.7434895828125
4 0.609375 0.7591145828125 0.6171875 0.7252604171875 0.6044921859375 0.703125 0.5576171859375 0.703125 0.544921875 0.7148437515625 0.54296875 0.8033854171874999 0.5478515640625 0.8125 0.56640625 0.813802084375 0.5849609359375 0.7734375 0.5947265640625 0.7708333328125 0.5986328140625 0.7578125 0.609375 0.7591145828125
4 0.6171875 0.733072915625 0.611328125 0.7565104171875 0.6162109359375 0.7708333328125 0.6513671859375 0.7734375 0.6689453140625 0.8125 0.693359375 0.813802084375 0.708984375 0.7721354171875 0.6962890640625 0.7317708328125 0.6455078140625 0.7265625 0.6171875 0.733072915625
4 0.6982421859375 0.8151041671874999 0.6298828140625 0.8177083328125001 0.6171875 0.842447915625 0.625 0.920572915625 0.66796875 0.9257812484375 0.6904296859375 0.8723958328125001 0.7158203140625 0.8723958328125001 0.720703125 0.858072915625 0.6982421859375 0.8151041671874999
4 0.6630859359375 0.8125 0.658203125 0.782552084375 0.6435546859375 0.7708333328125 0.5830078140625 0.7760416671875 0.564453125 0.8320312484375 0.56640625 0.8710937515625 0.57421875 0.8789062484375 0.6005859359375 0.8203125 0.6181640640625 0.8333333328125001 0.6279296859375 0.8177083328125001 0.6630859359375 0.8125
4 0.873046875 0.748697915625 0.859375 0.7070312484375 0.8525390640625 0.7005208328125 0.7841796859375 0.7057291671875 0.775390625 0.7408854171875 0.765625 0.751302084375 0.765625 0.782552084375 0.775390625 0.7903645828125 0.7958984359375 0.75 0.8544921859375 0.7473958328125 0.8701171859375 0.7604166671875 0.873046875 0.748697915625
4 0.1513671859375 0.4973958328125 0.13671875 0.5247395828125 0.134765625 0.5507812484375 0.1376953140625 0.5572916671875 0.1455078140625 0.5520833328125 0.1513671859375 0.5677083328125 0.1640625 0.5664062484375 0.1708984359375 0.5546875 0.2119140640625 0.5520833328125 0.23046875 0.5065104171875 0.1513671859375 0.4973958328125
3 0.3310546859375 0.453125 0.3447265640625 0.4557291671875 0.36328125 0.4804687515625 0.3671875 0.592447915625 0.3798828140625 0.5833333328125 0.396484375 0.595052084375 0.42578125 0.545572915625 0.423828125 0.45182291562500004 0.3330078140625 0.4479166671875 0.3310546859375 0.453125