3 0.238671875 0.5749131953125 0.2328125 0.6513020843749999 0.2328125 0.7589409734375 0.238671875 0.7832465281250001 0.2474609375 0.7988715281250001 0.25625 0.804079859375 0.25625 0.8318576390624999 0.262109375 0.8561631953125 0.2650390625 0.8613715281250001 0.2728515625 0.8578993046875001 0.301171875 0.9082465281250001 0.308984375 0.94296875 0.3197265625 0.95859375 0.3802734375 0.95859375 0.4037109375 0.9620659734375 0.4076171875 0.9690104171874999 0.426708984375 0.9734375 0.432275390625 0.9734375 0.4349609375 0.9724826390624999 0.4408203125 0.95859375 0.4701171875 0.9551215281250001 0.4798828125 0.9620659734375 0.4828125 0.9568576390624999 0.4828125 0.7693576390625 0.490625 0.7624131953125 0.490625 0.7381076390625 0.480859375 0.7311631953125 0.47890625 0.679079859375 0.475 0.6582465281250001 0.3724609375 0.507204859375 0.2943359375 0.5002604171875 0.2435546875 0.507204859375 0.238671875 0.5332465281250001 0.238671875 0.5749131953125
3 0.509765625 0.762152778125 0.505859375 0.793402778125 0.50390625 0.9322916671874999 0.5107421875 0.9444444437499999 0.5322265625 0.9444444437499999 0.5390625 0.956597221875 0.6630859375 0.9583333328125001 0.677734375 0.9357638890625 0.685546875 0.9010416671874999 0.712890625 0.8350694437499999 0.712890625 0.8177083328125001 0.724609375 0.7864583328125 0.728515625 0.762152778125 0.732421875 0.574652778125 0.73046875 0.5260416671875 0.7255859375 0.5138888890625 0.6494140625 0.5 0.5986328125 0.5 0.521484375 0.640625 0.517578125 0.6510416671875 0.515625 0.6961805562500001 0.50390625 0.737847221875 0.509765625 0.7482638890625 0.509765625 0.762152778125
3 0.78125 0.8767361109375 0.7841796875 0.8819444437499999 0.7880859375 0.878472221875 0.7900390625 0.8854166671874999 0.8154296875 0.8819444437499999 0.8671875 0.887152778125 0.9033203125 0.8888888890625 0.90625 0.8836805562500001 0.9072265625 0.8611111109375 0.9287109375 0.8611111109375 0.955078125 0.7795138890625 0.955078125 0.765625 0.962890625 0.7447916671875 0.96875 0.7135416671875 0.966796875 0.668402778125 0.974609375 0.6302083328125 0.970703125 0.4704861109375 0.9658203125 0.4583333328125 0.9482421875 0.4513888890625 0.8896484375 0.44444444375 0.8408203125 0.4479166671875 0.77734375 0.581597221875 0.76953125 0.6510416671875 0.765625 0.6649305562500001 0.759765625 0.671875 0.76171875 0.6788194437499999 0.7578125 0.6857638890625 0.7578125 0.706597221875 0.763671875 0.7239583328125 0.76953125 0.765625 0.78125 0.7899305562500001 0.78125 0.8767361109375
3 0.784765625 0.43072916718750004 0.7921875 0.440625 0.7940429671875 0.440625 0.7974609375 0.439409721875 0.80234375 0.4376736109375 0.81015625 0.4203125 0.821875 0.4203125 0.8248046875 0.41510416718750004 0.8248046875 0.3039930546875 0.8169921875 0.2414930546875 0.7984375 0.205034721875 0.76328125 0.1598958328125 0.7359375 0.15642361093749999 0.68515625 0.166840278125 0.6802734375 0.1789930546875 0.6783203125 0.24496527812500002 0.6822265625 0.3317708328125 0.6919921875 0.3595486109375 0.6919921875 0.3734375 0.7115234375 0.4046875 0.7134765625 0.4185763890625 0.72421875 0.43072916718750004 0.77109375 0.42725694374999995 0.784765625 0.43072916718750004
3 0.421875 0.47743055625 0.421875 0.48784722187499996 0.4267578125 0.5 0.4677734375 0.5 0.482421875 0.5086805562500001 0.4921875 0.6545138890625 0.5146484375 0.65625 0.5390625 0.6024305562500001 0.5947265625 0.5 0.61328125 0.4947916671875 0.611328125 0.39409722187499996 0.607421875 0.3767361109375 0.60546875 0.33506944375000003 0.6005859375 0.3229166671875 0.5458984375 0.31944444375000003 0.4990234375 0.3263888890625 0.427734375 0.42534722187499996 0.421875 0.47743055625
4 0.04375 0.67022569375 0.01469726875 0.6671875 0.010302734375 0.6671875 0.0076171875 0.6719618046875 0.0115234375 0.7032118046875 0.0056640625 0.7587673609375 0.0015625 0.77578125 0.0015625 0.8065848203125 0.0134765625 0.8247395828125 0.018212890625 0.85 0.022314448437500002 0.85 0.0271484375 0.8490451390624999 0.03984375 0.8403645828125 0.065234375 0.8473090265625001 0.0798828125 0.8455729171874999 0.07890625 0.6841145828124999 0.04375 0.67022569375
4 0.111328125 0.574652778125 0.109375 0.5954861109375 0.099609375 0.6232638890625 0.091796875 0.675347221875 0.09375 0.730902778125 0.099609375 0.7586805562500001 0.1435546875 0.75 0.1611328125 0.753472221875 0.1669921875 0.7604166671875 0.17578125 0.7552083328125 0.177734375 0.7274305562500001 0.1875 0.7170138890625 0.185546875 0.6475694437499999 0.17578125 0.5920138890625 0.1630859375 0.5694444437499999 0.1162109375 0.5694444437499999 0.111328125 0.574652778125
4 0.3240234375 0.35633680624999997 0.321875 0.37734375 0.321875 0.42890625 0.323046875 0.4518229171875 0.354296875 0.44835069531249994 0.388955078125 0.45625 0.3923828125 0.45625 0.3923828125 0.3806423609375 0.3826171875 0.3702256953125 0.3787109375 0.352864584375 0.371875 0.34071180624999997 0.3328125 0.3337673609375 0.3220703125 0.3424479171875 0.3240234375 0.35633680624999997
4 0.431640625 0.1995659734375 0.428125 0.21519097343750002 0.428125 0.2280381953125 0.4296875 0.27248263906250003 0.4351911265625 0.2953125 0.44385742187500005 0.2953125 0.4462890625 0.28810763906250003 0.4521484375 0.284635415625 0.4794921875 0.284635415625 0.4970703125 0.2915798609375 0.5048828125 0.27421875 0.5126953125 0.27421875 0.515625 0.269010415625 0.5171875 0.24401041562499998 0.5171875 0.233940971875 0.513671875 0.1995659734375 0.5068359375 0.1978298625 0.4970703125 0.2186631953125 0.4931640625 0.2186631953125 0.4794921875 0.1769965265625 0.4599609375 0.170052084375 0.4443359375 0.1735243046875 0.431640625 0.1995659734375
4 0.6431640625 0.2363715265625 0.6359375 0.2427951390625 0.6359375 0.270746528125 0.640234375 0.2936631953125 0.63828125 0.3144965265625 0.6421875 0.359635415625 0.6626953125 0.3578993046875 0.6739095078124999 0.3625 0.6764160140625 0.3625 0.68125 0.359635415625 0.68125 0.304079859375 0.6734375 0.258940971875 0.6607421875 0.2363715265625 0.6431640625 0.2363715265625
4 0.6572265625 0.12847222187500001 0.6416015625 0.1354166671875 0.63671875 0.14409722187500001 0.630859375 0.16840277812499999 0.626953125 0.21006944375 0.630859375 0.22743055625 0.6416015625 0.21875 0.6669921875 0.22569444375 0.67578125 0.22048611093749998 0.681640625 0.19618055625 0.681640625 0.17881944375 0.6728515625 0.13888888906250002 0.6572265625 0.12847222187500001
4 0.6025390625 0.18046875 0.6234863265625 0.1890625 0.6347700640625 0.1890625 0.63671875 0.1509548625 0.62890625 0.1127604171875 0.6240234375 0.10407986250000001 0.5947265625 0.10407986250000001 0.58984375 0.123177084375 0.58203125 0.1301215265625 0.591796875 0.185677084375 0.6025390625 0.18046875
4 0.5115234375 0.23793402656249998 0.5109375 0.25043402656249997 0.5109375 0.28070549375 0.5203125 0.28828125 0.53203125 0.31605902656249996 0.561328125 0.323003471875 0.5779296875 0.32126736093749997 0.5857421875 0.3177951390625 0.5798828125 0.307378471875 0.5759765625 0.251822915625 0.5671875 0.2327256953125 0.557421875 0.22578125 0.518359375 0.22578125 0.5115234375 0.23793402656249998
4 0.1630859375 0.565972221875 0.173828125 0.5850694437499999 0.1796875 0.605902778125 0.1875 0.6649305562500001 0.1962890625 0.6666666671875 0.203125 0.675347221875 0.2109375 0.668402778125 0.212890625 0.6545138890625 0.220703125 0.637152778125 0.220703125 0.5989583328125 0.21875 0.5850694437499999 0.212890625 0.574652778125 0.21875 0.5225694437499999 0.2099609375 0.5138888890625 0.1943359375 0.5138888890625 0.1650390625 0.5208333328125 0.1533203125 0.53125 0.142578125 0.5538194437499999 0.142578125 0.5607638890625 0.1455078125 0.565972221875 0.1630859375 0.565972221875
4 0.19326171875 0.48585069374999995 0.1921875 0.4915798609375 0.1921875 0.577690971875 0.192431640625 0.578125 0.1990722640625 0.578125 0.20009765625 0.5778645828125 0.20009765625 0.570920140625 0.20693359375 0.57265625 0.21962890625 0.5361979156250001 0.22841796875 0.5275173609375 0.24208984375 0.5275173609375 0.25185546875 0.5136284718749999 0.28310546875 0.5136284718749999 0.27822265625 0.48758680468750004 0.25576171875 0.461545140625 0.21279296875 0.461545140625 0.19326171875 0.48585069374999995
4 0.759765625 0.053819443749999994 0.75390625 0.0364583328125 0.7451171875 0.027777778125000003 0.7216796875 0.03125 0.7109375 0.05729166718749999 0.7109375 0.105902778125 0.7509765625 0.10069444375 0.759765625 0.06423611093750001 0.759765625 0.053819443749999994
6 0.626953125 0.21354166718749998 0.623046875 0.18923611093749998 0.6181640625 0.18055555625 0.60546875 0.21701388906250002 0.607421875 0.26215277812500004 0.61328125 0.2829861109375 0.6181640625 0.28472222187499996 0.62109375 0.2795138890625 0.626953125 0.25868055624999997 0.626953125 0.21354166718749998