4 0.3234375 0.9776436500000001 0.3234375 0.996875 0.42389611718750003 0.996875 0.6052734375 0.99575760625 0.6218749984375 0.9940189171875 0.6267578125 0.9783707343750001 0.6267578125 0.8601400218749999 0.6326171875 0.8218889125000001 0.6228515625 0.7558188046875001 0.5886718765625 0.6741005203125 0.4929687484375 0.65671365 0.4636718765625 0.660191025 0.4158203125 0.7245224421875001 0.3748046875 0.8462305265625 0.3669921875 0.8497079031249999 0.3650390625 0.8810042656249999 0.3435546875 0.915778003125 0.3234375 0.9776436500000001
4 0.59375 0.9923984609375 0.6363046703124999 0.9953125 0.644666853125 0.9953125 0.65625 0.947192603125 0.6962890640625 0.879383809375 0.7080078140625 0.8689516875000001 0.7119140640625 0.8863385578124999 0.7255859359375 0.88981593125 0.734375 0.8741677484375 0.734375 0.8602582515625 0.720703125 0.8359166390625001 0.7421875 0.8046202703124999 0.7421875 0.70377643125 0.736328125 0.6655253140624999 0.7021484359375 0.5907617765625 0.6064453140625 0.5838070296875 0.59765625 0.5925004656249999 0.6015625 0.717685925 0.59375 0.9923984609375
4 0.5958984375 0.779970328125 0.6191171843750001 0.79375 0.6193651046875 0.79375 0.6310546875 0.7417192125 0.6779296875 0.6652169875 0.6740234375 0.5539410218749999 0.6623046875 0.508735165625 0.6457031234375 0.48960960781249996 0.5578125015625 0.48613223281250006 0.5255859375 0.5295994078125 0.5080078125 0.5782826421875 0.5500000015625 0.5869760765625001 0.5646484375 0.60262425625 0.5763671875 0.6478301203125 0.5880859375 0.6652169875 0.5958984375 0.779970328125
4 0.12109375 0.6833039703125 0.12109375 0.707645584375 0.1015625 0.72503245625 0.119140625 0.7493740718749999 0.11328125 0.8189215484375 0.1171875 0.9649712515625 0.2841796859375 0.9423683234375 0.310546875 0.923242765625 0.310546875 0.805012053125 0.296875 0.72503245625 0.314453125 0.7006908375 0.291015625 0.69025871875 0.28515625 0.6554849796875 0.2568359359375 0.5807214390625 0.1767578140625 0.5737666906250001 0.1513671859375 0.5876761875 0.13671875 0.620711240625 0.12109375 0.6833039703125
7 0.470703125 0.492159678125 0.42300752968750005 0.4765625 0.4220208078125 0.4765625 0.3662109359375 0.479988871875 0.34375 0.53041079375 0.328125 0.6555962546874999 0.4599609359375 0.6677670609375 0.474609375 0.6834152453125 0.4881312109375 0.728125 0.48831608125 0.728125 0.5 0.56170715625 0.482421875 0.5547524078125 0.470703125 0.492159678125
4 0.1595703125 0.5645632421875 0.159375 0.5715179906250001 0.159375 0.635284334375 0.172054690625 0.64375 0.17362233124999998 0.64375 0.20742187343750002 0.573256675 0.2923828125 0.5749953609375 0.2884765625 0.5263121265625 0.3001953125 0.51240263125 0.2865234375 0.49849313593750005 0.2679687515625 0.430684346875 0.2015625015625 0.42372959843749997 0.1888671875 0.432423034375 0.1595703125 0.5645632421875
4 0.2478515625 0.4114428796875 0.2359375 0.42356401093749996 0.2359375 0.42723015625 0.2439453125 0.43578449375000006 0.2400390625 0.540105709375 0.2742578234375 0.546875 0.27523820468750004 0.546875 0.3025390625 0.42882974531249995 0.3376953125 0.41839762656249996 0.3357421875 0.39405600625 0.3210937484375 0.36797570468749996 0.2664062484375 0.3644983296875 0.2478515625 0.4114428796875
4 0.1486328125 0.3733980875 0.146875 0.414083365625 0.146875 0.41866636562500004 0.1847656234375 0.43077475937500004 0.1974609375 0.45685506093750006 0.2033203125 0.4916288 0.22377820937499998 0.5015625 0.22481468593749998 0.5015625 0.2265625 0.414431103125 0.2265625 0.40376715625 0.2150390625 0.3490564734375 0.2003906234375 0.3368856640625 0.1613281234375 0.3368856640625 0.1486328125 0.3733980875
7 0.4951171859375 0.264280415625 0.5380859359375 0.264280415625 0.546875 0.3042702140625 0.560546875 0.328611834375 0.55859375 0.356430825 0.564453125 0.36686294375 0.65625 0.3494760765625 0.654296875 0.1616978875 0.66796875 0.13040151875 0.6630859359375 0.107798590625 0.5400390640625 0.1112759640625 0.48828125 0.1269241484375 0.490234375 0.2555869796875 0.4951171859375 0.264280415625
4 0.5625 0.40511405937499995 0.5546875 0.4398877984375 0.5576171859375 0.47987759687500003 0.6298828140625 0.48683234375 0.6474609359375 0.5007418390625 0.67578125 0.5546411328125 0.6826171859375 0.556379821875 0.689453125 0.5372542671875 0.662109375 0.49900315156249997 0.6572265640625 0.361646884375 0.5908203140625 0.3686016328125 0.5625 0.40511405937499995
4 0.222265625 0.28005146875000003 0.2125 0.34670113125 0.2125 0.36034718906249996 0.2642578109375 0.3687245015625 0.276953125 0.384372684375 0.300390625 0.32873470312499997 0.300390625 0.266141971875 0.2837890609375 0.25049378906249997 0.2369140609375 0.25397116249999996 0.222265625 0.28005146875000003
7 0.3798828140625 0.497062778125 0.39911979375 0.5484375 0.40780077343750004 0.5484375 0.41796875 0.5474846984374999 0.423828125 0.5161883359375 0.4443359359375 0.47619853437500004 0.5341796859375 0.47967590937500004 0.5390625 0.4709824734375 0.54296875 0.41882186718750003 0.5478515640625 0.4309926734375 0.55078125 0.42229923906250005 0.552734375 0.3562291375 0.537109375 0.2832042828125 0.5126953140625 0.2362597375 0.4482421859375 0.2327823625 0.4228515640625 0.243214484375 0.4150390640625 0.264078728125 0.3740234359375 0.2675561015625 0.36328125 0.286681659375 0.35546875 0.3562291375 0.353515625 0.47445985 0.3798828140625 0.497062778125