4 0.556640625 0.890662925 0.5380859375 0.838516384375 0.4794921875 0.8343446609375 0.4716796875 0.84268810625 0.447265625 0.9115215421875 0.44140625 0.9574104968749999 0.4638671875 0.96783980625 0.4736328125 0.9970418671875001 0.5234375 0.9991277296875 0.5361328125 0.9970418671875001 0.5400390625 0.9845266984375 0.552734375 0.9782691140625 0.556640625 0.890662925
4 0.6240234375 0.9052639578124999 0.5732421875 0.9052639578124999 0.56640625 0.9198649890624999 0.5625 0.94906705 0.55078125 0.9907842828125 0.5556640625 1 0.63671875 0.9991277296875 0.6533203125 0.9970418671875001 0.65234375 0.9782691140625 0.640625 0.9198649890624999 0.6240234375 0.9052639578124999
4 0.712890625 0.8948346484374999 0.71484375 0.84477396875 0.720703125 0.8155719046875 0.720703125 0.744652609375 0.71875 0.7279657171875 0.7080078125 0.7008495140625 0.6552734375 0.696677790625 0.65234375 0.7029353765625 0.630859375 0.8114001828124999 0.626953125 0.8990063703125 0.6328125 0.9031780953125 0.6416015625 0.8927487859375001 0.6884765625 0.9010922328125 0.7099609375 0.9010922328125 0.712890625 0.8948346484374999
4 0.7109375 0.9240367109375001 0.701171875 0.9782691140625 0.6953125 0.9866125609375 0.6962890625 0.9970418671875001 0.70703125 0.9991277296875 0.802734375 0.9949560078124999 0.7822265625 0.9136074015625001 0.7236328125 0.9052639578124999 0.7109375 0.9240367109375001
4 0.828125 0.590298846875 0.8193359375 0.57152609375 0.7783203125 0.56735436875 0.76953125 0.5944705703125 0.7578125 0.66121814375 0.7578125 0.744652609375 0.7607421875 0.75091019375 0.7666015625 0.7467384703125 0.7724609375 0.7300515765625 0.7822265625 0.7258798546875 0.8076171875 0.7300515765625 0.8154296875 0.7342233015625 0.8193359375 0.75091019375 0.826171875 0.7488243328124999 0.830078125 0.7321374390625001 0.83203125 0.682076759375 0.83203125 0.6278443578124999 0.828125 0.590298846875
4 0.3779296875 0.8718901703125 0.3193359375 0.8718901703125 0.3046875 0.8948346484374999 0.2900390625 0.9469811890625 0.2861328125 0.93863774375 0.28125 0.9407236031249999 0.28515625 0.9615822218750001 0.279296875 0.9866125609375 0.2802734375 0.9970418671875001 0.375 0.9949560078124999 0.3857421875 0.96783980625 0.400390625 0.9574104968749999 0.3984375 0.9323801578124999 0.3779296875 0.8718901703125
4 0.2099609375 0.896920509375 0.1748046875 0.896920509375 0.1533203125 0.9177791265625 0.134765625 0.953238775 0.125 0.9907842828125 0.1279296875 1 0.25 0.9991277296875 0.251953125 0.9824408375000001 0.240234375 0.9240367109375001 0.2314453125 0.9094356796874999 0.2099609375 0.896920509375
4 0.1083984375 0.8844053390625 0.0654296875 0.8718901703125 0.0439453125 0.87606189375 0.0146484375 0.9010922328125 0 0.928208434375 0.0009765625 0.9970418671875001 0.06640625 0.9991277296875 0.12109375 0.9949560078124999 0.125 0.9782691140625 0.125 0.953238775 0.1083984375 0.8844053390625
4 0.169921875 0.790541565625 0.1650390625 0.78428398125 0.1162109375 0.78428398125 0.09765625 0.8155719046875 0.0859375 0.8572891374999999 0.0869140625 0.87606189375 0.1064453125 0.880233615625 0.1171875 0.9031780953125 0.125 0.953238775 0.130859375 0.9574104968749999 0.1611328125 0.9010922328125 0.181640625 0.890662925 0.1796875 0.8322587984375 0.169921875 0.790541565625
4 0.1533203125 0.78011225625 0.15625 0.773854671875 0.154296875 0.7488243328124999 0.1513671875 0.75091019375 0.1474609375 0.7342233015625 0.1337890625 0.7217081328125 0.0947265625 0.7217081328125 0.0732421875 0.738395025 0.046875 0.8239153515625001 0.04296875 0.8406022453125 0.04296875 0.865632584375 0.0458984375 0.8718901703125 0.08203125 0.869804309375 0.0859375 0.84477396875 0.1064453125 0.79679915 0.1201171875 0.78011225625 0.1533203125 0.78011225625
4 0.26171875 0.7988850109375 0.2578125 0.76968295 0.2451171875 0.738395025 0.1923828125 0.738395025 0.17578125 0.76968295 0.171875 0.7863698421875001 0.18359375 0.848945690625 0.18359375 0.8864912015625 0.1884765625 0.8927487859375001 0.21484375 0.890662925 0.2333984375 0.821829490625 0.2470703125 0.8093143203125001 0.2568359375 0.8093143203125001 0.26171875 0.7988850109375
4 0.23046875 0.7237939921875001 0.232421875 0.698763653125 0.2265625 0.6487029734374999 0.2177734375 0.6215867734375 0.1708984375 0.6174150484375 0.142578125 0.65704641875 0.130859375 0.7196222703124999 0.1416015625 0.7258798546875 0.1591796875 0.78011225625 0.171875 0.78219811875 0.1865234375 0.742566746875 0.1982421875 0.7342233015625 0.2255859375 0.7342233015625 0.23046875 0.7237939921875001
4 0.306640625 0.669561590625 0.2783203125 0.65913228125 0.2587890625 0.663304003125 0.244140625 0.69042020625 0.236328125 0.7321374390625001 0.2451171875 0.738395025 0.255859375 0.765511225 0.259765625 0.7947132890625 0.2646484375 0.8051425984374999 0.283203125 0.8030567359375 0.2890625 0.765511225 0.2890625 0.7363091625 0.296875 0.7196222703124999 0.306640625 0.669561590625
4 0.388671875 0.682076759375 0.38671875 0.669561590625 0.3779296875 0.654960559375 0.3212890625 0.654960559375 0.3134765625 0.663304003125 0.302734375 0.69042020625 0.291015625 0.7404808859374999 0.283203125 0.8030567359375 0.3037109375 0.8134860421875001 0.3154296875 0.8510315531250001 0.3515625 0.853117415625 0.361328125 0.8322587984375 0.37109375 0.76968295 0.392578125 0.7237939921875001 0.388671875 0.682076759375
4 0.4404296875 0.9469811890625 0.4453125 0.928208434375 0.44140625 0.9073498171875001 0.451171875 0.8948346484374999 0.455078125 0.87397603125 0.4765625 0.828087075 0.474609375 0.7863698421875001 0.4658203125 0.7300515765625 0.4326171875 0.7175364078124999 0.3994140625 0.7217081328125 0.3876953125 0.7342233015625 0.373046875 0.773854671875 0.35546875 0.8614608625000001 0.3798828125 0.8718901703125 0.388671875 0.890662925 0.390625 0.9115215421875 0.40234375 0.93655188125 0.40234375 0.94906705 0.40625 0.94906705 0.4072265625 0.93446601875 0.4326171875 0.9302942953125 0.4365234375 0.9302942953125 0.4404296875 0.9469811890625
4 0.58203125 0.84477396875 0.58203125 0.7863698421875001 0.578125 0.757167778125 0.5693359375 0.7258798546875 0.5224609375 0.7175364078124999 0.5126953125 0.7217081328125 0.498046875 0.75299605625 0.482421875 0.828087075 0.4853515625 0.8343446609375 0.4970703125 0.8301729359375001 0.5380859375 0.838516384375 0.5546875 0.8823194781250001 0.560546875 0.9115215421875 0.560546875 0.9323801578124999 0.5673828125 0.9052639578124999 0.578125 0.8990063703125 0.578125 0.8614608625000001 0.58203125 0.84477396875
4 0.61328125 0.669561590625 0.6044921875 0.654960559375 0.5537109375 0.650788834375 0.537109375 0.682076759375 0.533203125 0.7154505453125 0.5361328125 0.7217081328125 0.5615234375 0.7217081328125 0.57421875 0.7363091625 0.583984375 0.7947132890625 0.58203125 0.853117415625 0.5966796875 0.8635467218749999 0.603515625 0.8781477546875 0.615234375 0.8406022453125 0.619140625 0.790541565625 0.619140625 0.7321374390625001 0.61328125 0.669561590625
4 0.6259765625 0.6090716015625001 0.5791015625 0.6048998796875 0.56640625 0.64453125 0.5693359375 0.650788834375 0.6025390625 0.650788834375 0.6103515625 0.65913228125 0.6171875 0.698763653125 0.6171875 0.7196222703124999 0.62109375 0.7279657171875 0.619140625 0.765511225 0.630859375 0.765511225 0.63671875 0.7279657171875 0.63671875 0.66121814375 0.630859375 0.6195009109375 0.6259765625 0.6090716015625001
4 0.728515625 0.6111574640625 0.7216796875 0.59655643125 0.6826171875 0.59655643125 0.666015625 0.6320160796875001 0.658203125 0.69042020625 0.6611328125 0.696677790625 0.7041015625 0.696677790625 0.7158203125 0.7050212390625 0.72265625 0.76968295 0.73046875 0.790541565625 0.740234375 0.682076759375 0.73046875 0.665389865625 0.734375 0.64453125 0.728515625 0.6111574640625
1 0.7890625 0.84477396875 0.7841796875 0.8176577671875 0.7802734375 0.8134860421875001 0.7646484375 0.8134860421875001 0.7626953125 0.8093143203125001 0.7294921875 0.8093143203125001 0.720703125 0.8239153515625001 0.71484375 0.8572891374999999 0.71484375 0.8823194781250001 0.712890625 0.8864912015625 0.712890625 0.9073498171875001 0.7158203125 0.9136074015625001 0.7216796875 0.9052639578124999 0.7568359375 0.9052639578124999 0.7587890625 0.9094356796874999 0.7783203125 0.9094356796874999 0.7841796875 0.9177791265625 0.78515625 0.9156932640625 0.787109375 0.9115215421875 0.787109375 0.8614608625000001 0.7890625 0.8572891374999999 0.7890625 0.84477396875
4 0.4521484375 0.6799908968749999 0.4365234375 0.684162621875 0.427734375 0.6945919296875 0.4248046875 0.7175364078124999 0.4638671875 0.7258798546875 0.47265625 0.761339503125 0.4765625 0.7988850109375 0.482421875 0.8030567359375 0.494140625 0.761339503125 0.494140625 0.7279657171875 0.4853515625 0.6883343453124999 0.4521484375 0.6799908968749999
4 0.4091796875 0.638273665625 0.3798828125 0.638273665625 0.369140625 0.6487029734374999 0.3701171875 0.654960559375 0.3837890625 0.654960559375 0.38671875 0.66121814375 0.390625 0.7071070984375 0.396484375 0.7237939921875001 0.421875 0.7154505453125 0.431640625 0.682076759375 0.4248046875 0.6466171109375 0.4091796875 0.638273665625
4 0.3466796875 0.613243325 0.3076171875 0.613243325 0.296875 0.636187803125 0.294921875 0.66121814375 0.2998046875 0.667475728125 0.3125 0.665389865625 0.3271484375 0.650788834375 0.3564453125 0.650788834375 0.357421875 0.64453125 0.3466796875 0.613243325
4 0.294921875 0.6403595265625001 0.2841796875 0.592384709375 0.2373046875 0.5882129859375 0.22265625 0.6153291859375 0.232421875 0.7029353765625 0.2421875 0.7029353765625 0.24609375 0.6862484828125 0.2587890625 0.663304003125 0.29296875 0.65704641875 0.294921875 0.6403595265625001
4 0.330078125 0.573611953125 0.32421875 0.5527533375 0.3193359375 0.5423240296875 0.3095703125 0.53815230625 0.2880859375 0.53815230625 0.2744140625 0.5464957515625 0.263671875 0.5819554 0.2666015625 0.5882129859375 0.2822265625 0.5882129859375 0.2890625 0.6153291859375 0.298828125 0.6236726328125 0.3095703125 0.6090716015625001 0.3271484375 0.6090716015625001 0.330078125 0.6028140171875 0.330078125 0.573611953125
4 0.390625 0.5819554 0.3720703125 0.56735436875 0.3427734375 0.57152609375 0.3359375 0.586127125 0.3359375 0.59864229375 0.3466796875 0.6048998796875 0.3603515625 0.650788834375 0.369140625 0.6487029734374999 0.3857421875 0.638273665625 0.3876953125 0.6257584953124999 0.396484375 0.6195009109375 0.390625 0.5819554
4 0.4482421875 0.575697815625 0.4306640625 0.57152609375 0.4208984375 0.57152609375 0.4072265625 0.5840412625 0.396484375 0.6195009109375 0.396484375 0.636187803125 0.4228515625 0.6424453890625 0.4365234375 0.684162621875 0.447265625 0.682076759375 0.4560546875 0.6799908968749999 0.4609375 0.66121814375 0.455078125 0.590298846875 0.4482421875 0.575697815625
4 0.4736328125 0.5548392 0.4423828125 0.559010921875 0.4375 0.56944023125 0.453125 0.586127125 0.462890625 0.669561590625 0.4736328125 0.6799908968749999 0.48046875 0.6779050375 0.486328125 0.66121814375 0.48828125 0.6278443578124999 0.484375 0.573611953125 0.4736328125 0.5548392
4 0.599609375 0.5819554 0.603515625 0.5569250609374999 0.5927734375 0.500606796875 0.5791015625 0.49226335 0.5556640625 0.49226335 0.55078125 0.5026926578124999 0.5390625 0.56526850625 0.537109375 0.6320160796875001 0.5400390625 0.6424453890625 0.54296875 0.6403595265625001 0.5478515625 0.6341019421875 0.5654296875 0.6341019421875 0.5810546875 0.5882129859375 0.599609375 0.5819554
4 0.6396484375 0.559010921875 0.6103515625 0.559010921875 0.6025390625 0.56735436875 0.599609375 0.5777836781250001 0.6025390625 0.5882129859375 0.6220703125 0.5882129859375 0.626953125 0.59864229375 0.640625 0.682076759375 0.6474609375 0.696677790625 0.650390625 0.6945919296875 0.658203125 0.64453125 0.658203125 0.6069857390625 0.6484375 0.56944023125 0.6396484375 0.559010921875
4 0.74609375 0.6069857390625 0.7421875 0.573611953125 0.7353515625 0.5631826453125 0.6982421875 0.5631826453125 0.69140625 0.586127125 0.7255859375 0.59655643125 0.73046875 0.6111574640625 0.734375 0.6487029734374999 0.744140625 0.6737333125 0.748046875 0.652874696875 0.74609375 0.6236726328125 0.75390625 0.6111574640625 0.74609375 0.6069857390625
4 0.8359375 0.5527533375 0.8251953125 0.53815230625 0.7919921875 0.53815230625 0.78515625 0.5569250609374999 0.7861328125 0.56735436875 0.8193359375 0.57152609375 0.826171875 0.5819554 0.83203125 0.6236726328125 0.83203125 0.66121814375 0.8359375 0.665389865625 0.83984375 0.5944705703125 0.84375 0.586127125 0.837890625 0.573611953125 0.8359375 0.5527533375
4 0.751953125 0.5193795515625 0.7373046875 0.500606796875 0.7119140625 0.500606796875 0.703125 0.5235512734375 0.701171875 0.5569250609374999 0.7041015625 0.5631826453125 0.7392578125 0.56735436875 0.75 0.6153291859375 0.75390625 0.6153291859375 0.7578125 0.59864229375 0.7578125 0.56526850625 0.75390625 0.5569250609374999 0.751953125 0.5193795515625
4 0.6787109375 0.467233009375 0.6474609375 0.47140473437499997 0.638671875 0.5026926578124999 0.63671875 0.5277229984375 0.6650390625 0.5339805828124999 0.671875 0.5527533375 0.67578125 0.586127125 0.685546875 0.586127125 0.697265625 0.5569250609374999 0.697265625 0.50686438125 0.69140625 0.481834040625 0.6787109375 0.467233009375
4 0.5009765625 0.47140473437499997 0.494140625 0.48600576562500003 0.484375 0.5318947203125 0.484375 0.56944023125 0.4892578125 0.575697815625 0.4931640625 0.56735436875 0.5126953125 0.56735436875 0.5302734375 0.5798695375 0.537109375 0.5777836781250001 0.54296875 0.5318947203125 0.5390625 0.481834040625 0.5302734375 0.467233009375 0.5009765625 0.47140473437499997
4 0.373046875 0.5277229984375 0.3642578125 0.483919903125 0.3505859375 0.47557645624999995 0.3232421875 0.47557645624999995 0.310546875 0.5026926578124999 0.3046875 0.5360664453124999 0.3232421875 0.5464957515625 0.328125 0.573611953125 0.3310546875 0.5798695375 0.337890625 0.5777836781250001 0.3447265625 0.56735436875 0.3681640625 0.5631826453125 0.373046875 0.5485816140625001 0.373046875 0.5277229984375
4 0.4404296875 0.5548392 0.44921875 0.5485816140625001 0.4365234375 0.5047785203124999 0.4013671875 0.500606796875 0.392578125 0.5152078265625 0.388671875 0.5402381671875001 0.39453125 0.5527533375 0.396484375 0.59864229375 0.40234375 0.59864229375 0.4072265625 0.5840412625 0.4228515625 0.57152609375 0.4365234375 0.57152609375 0.4404296875 0.5548392
4 0.419921875 0.4901774875 0.4208984375 0.500606796875 0.4365234375 0.5047785203124999 0.4453125 0.5235512734375 0.4501953125 0.550667475 0.470703125 0.5527533375 0.47265625 0.5110361046875 0.4638671875 0.47974817812500004 0.4287109375 0.47557645624999995 0.419921875 0.4901774875
4 0.408203125 0.49434921093749995 0.3974609375 0.4505461171875 0.3662109375 0.4505461171875 0.349609375 0.469318871875 0.365234375 0.48600576562500003 0.37109375 0.5235512734375 0.376953125 0.5318947203125 0.3798828125 0.5256371359374999 0.3876953125 0.5298088578125 0.3974609375 0.5047785203124999 0.408203125 0.49434921093749995
4 1 0.3316520015625 0.9931640625 0.32122269531250003 0.9697265625 0.3253944171875 0.96484375 0.33999544843749996 0.9609375 0.360854065625 0.962890625 0.406743021875 0.96484375 0.42760163906250004 0.96875 0.42760163906250004 0.9736328125 0.41300060624999996 0.9951171875 0.41300060624999996 1 0.4192581921875 1 0.3316520015625
4 0.9765625 0.3191368328125 0.974609375 0.298278215625 0.9677734375 0.283677184375 0.9501953125 0.283677184375 0.943359375 0.29410649375000003 0.94140625 0.3483388953125 0.9453125 0.3483388953125 0.9482421875 0.3420813109375 0.9619140625 0.34625303281250003 0.9677734375 0.3253944171875 0.9765625 0.3191368328125
4 0.9345703125 0.2336165046875 0.9296875 0.2440458140625 0.9296875 0.28993476875 0.93359375 0.29410649375000003 0.9609375 0.2774196 0.9609375 0.2565609828125 0.9521484375 0.22944478125 0.9345703125 0.2336165046875
4 0.8466796875 0.37962681875 0.8232421875 0.38379854375 0.818359375 0.398399575 0.818359375 0.41508646718750003 0.822265625 0.42760163906250004 0.82421875 0.469318871875 0.8271484375 0.47557645624999995 0.8466796875 0.47557645624999995 0.857421875 0.48600576562500003 0.861328125 0.47349059374999997 0.861328125 0.42760163906250004 0.85546875 0.38588440625 0.8466796875 0.37962681875
4 0.7294921875 0.43385922343749994 0.716796875 0.47349059374999997 0.7197265625 0.49226335 0.751953125 0.49434921093749995 0.767578125 0.48600576562500003 0.76171875 0.44428853281249997 0.7548828125 0.43385922343749994 0.7294921875 0.43385922343749994
4 0.7744140625 0.49643507187499997 0.7685546875 0.49226335 0.7490234375 0.49643507187499997 0.748046875 0.5110361046875 0.751953125 0.5193795515625 0.7578125 0.5819554 0.76953125 0.590298846875 0.7734375 0.56526850625 0.783203125 0.561096784375 0.78125 0.5152078265625 0.7744140625 0.49643507187499997
7 0.822265625 0.42342991406249997 0.8154296875 0.41300060624999996 0.7880859375 0.4088288828125 0.76953125 0.42342991406249997 0.771484375 0.4901774875 0.77734375 0.498520934375 0.783203125 0.544409890625 0.7890625 0.544409890625 0.7939453125 0.5339805828124999 0.8212890625 0.5339805828124999 0.82421875 0.5277229984375 0.822265625 0.42342991406249997
4 0.619140625 0.469318871875 0.6123046875 0.4588895625 0.5830078125 0.46306128593749996 0.576171875 0.48600576562500003 0.5791015625 0.49226335 0.6005859375 0.49643507187499997 0.611328125 0.5360664453124999 0.609375 0.5527533375 0.6171875 0.5569250609374999 0.623046875 0.5527533375 0.625 0.5360664453124999 0.625 0.50686438125 0.619140625 0.469318871875
3 0.1376953125 0.39631371249999997 0.1201171875 0.4004854375 0.0888671875 0.392141990625 0.0537109375 0.4088288828125 0.0009765625 0.41300060624999996 0 0.544409890625 0.00390625 0.544409890625 0.1357421875 0.467233009375 0.146484375 0.4484602546875 0.142578125 0.406743021875 0.1376953125 0.39631371249999997
4 0.4755859375 0.5339805828124999 0.484375 0.5318947203125 0.486328125 0.5193795515625 0.4833984375 0.513121965625 0.474609375 0.5193795515625 0.4755859375 0.5339805828124999
4 0.4638671875 0.438030946875 0.453125 0.452631978125 0.44921875 0.469318871875 0.4638671875 0.47974817812500004 0.4736328125 0.5089502421875001 0.48828125 0.50686438125 0.5 0.469318871875 0.4990234375 0.4505461171875 0.4853515625 0.438030946875 0.4638671875 0.438030946875
4 0.4541015625 0.4004854375 0.4267578125 0.40465716093750004 0.41796875 0.4401168078125 0.423828125 0.469318871875 0.4296875 0.469318871875 0.4501953125 0.4588895625 0.462890625 0.43177336093749996 0.4609375 0.4109147453125 0.4541015625 0.4004854375
4 0.376953125 0.44428853281249997 0.3779296875 0.4505461171875 0.3974609375 0.454717840625 0.40625 0.49434921093749995 0.4091796875 0.500606796875 0.416015625 0.498520934375 0.423828125 0.47766231875000004 0.4169921875 0.4296874984375 0.3935546875 0.4296874984375 0.376953125 0.44428853281249997
4 0.4951171875 0.392141990625 0.478515625 0.41508646718750003 0.4755859375 0.438030946875 0.4931640625 0.4422026703125 0.5029296875 0.467233009375 0.51171875 0.465147146875 0.51953125 0.45680370156250005 0.521484375 0.4401168078125 0.5126953125 0.39631371249999997 0.4951171875 0.392141990625
4 0.564453125 0.4484602546875 0.5556640625 0.438030946875 0.5244140625 0.4422026703125 0.51953125 0.465147146875 0.5341796875 0.47140473437499997 0.54296875 0.5026926578124999 0.548828125 0.5026926578124999 0.5537109375 0.49226335 0.5703125 0.48600576562500003 0.5703125 0.469318871875 0.564453125 0.4484602546875
4 0.6083984375 0.37962681875 0.599609375 0.406743021875 0.59375 0.452631978125 0.5966796875 0.4588895625 0.6142578125 0.4588895625 0.634765625 0.498520934375 0.640625 0.469318871875 0.63671875 0.390056128125 0.6240234375 0.375455096875 0.6083984375 0.37962681875
4 0.6533203125 0.467233009375 0.6845703125 0.47140473437499997 0.69140625 0.48600576562500003 0.69140625 0.5026926578124999 0.69921875 0.5110361046875 0.6953125 0.465147146875 0.6884765625 0.4463743921875 0.654296875 0.4484602546875 0.6533203125 0.467233009375
4 0.7880859375 0.37962681875 0.76171875 0.38171268125 0.75390625 0.41508646718750003 0.75390625 0.43177336093749996 0.767578125 0.44428853281249997 0.765625 0.43177336093749996 0.7705078125 0.4171723296875 0.794921875 0.406743021875 0.7880859375 0.37962681875
4 0.78515625 0.35251061875 0.7822265625 0.37962681875 0.7919921875 0.38379854375 0.794921875 0.40257129843749995 0.7998046875 0.4088288828125 0.81640625 0.4109147453125 0.828125 0.3691975125 0.8232421875 0.34625303281250003 0.8037109375 0.3379095890625 0.78515625 0.35251061875
4 0.7392578125 0.371283375 0.73046875 0.406743021875 0.73046875 0.42760163906250004 0.73828125 0.43177336093749996 0.7509765625 0.4296874984375 0.759765625 0.38588440625 0.771484375 0.373369234375 0.7392578125 0.371283375
4 0.6826171875 0.39631371249999997 0.67578125 0.41508646718750003 0.67578125 0.42760163906250004 0.6845703125 0.4296874984375 0.6953125 0.465147146875 0.7041015625 0.47974817812500004 0.712890625 0.47766231875000004 0.716796875 0.465147146875 0.716796875 0.42760163906250004 0.712890625 0.406743021875 0.6826171875 0.39631371249999997
4 0.6298828125 0.36711165 0.623046875 0.377540959375 0.6337890625 0.38379854375 0.63671875 0.39422785312499997 0.640625 0.465147146875 0.650390625 0.465147146875 0.662109375 0.4192581921875 0.658203125 0.38171268125 0.6494140625 0.36711165 0.6298828125 0.36711165
4 0.5927734375 0.3879702671875 0.5693359375 0.38379854375 0.564453125 0.390056128125 0.572265625 0.4192581921875 0.576171875 0.469318871875 0.5908203125 0.4588895625 0.595703125 0.44428853281249997 0.59765625 0.398399575 0.5927734375 0.3879702671875
4 0.533203125 0.41508646718750003 0.5322265625 0.438030946875 0.5595703125 0.4422026703125 0.564453125 0.4484602546875 0.568359375 0.47349059374999997 0.572265625 0.47349059374999997 0.57421875 0.4401168078125 0.5673828125 0.39631371249999997 0.5419921875 0.39631371249999997 0.533203125 0.41508646718750003