6 0.521484375 0.36284722187499996 0.5078125 0.3767361109375 0.541015625 0.38715277812500004 0.57421875 0.3802083328125 0.572265625 0.35243055624999997 0.5537109375 0.31944444375000003 0.5283203125 0.3229166671875 0.51953125 0.3454861109375 0.521484375 0.36284722187499996
4 0.102734375 0.1697916671875 0.05 0.180208334375 0.0353515625 0.19930555625 0.0001953125 0.3416666671875 0.00703125 0.350347221875 0.06953125 0.346875 0.0763671875 0.3625 0.0763671875 0.91805555625 0.0890625 0.940625 0.14979208593749999 0.99375 0.1591796953125 0.99375 0.1921875 0.9910827015624999 0.1921875 0.17775735312500002 0.176953125 0.1697916671875 0.102734375 0.1697916671875
4 0.2392578125 0.5069444437499999 0.2578125 0.4670138890625 0.279296875 0.3732638890625 0.2412109375 0.37152777812500004 0.25 0.3802083328125 0.240234375 0.4010416671875 0.25390625 0.41840277812500004 0.2353515625 0.43055555625 0.23828125 0.41493055625 0.2265625 0.390625 0.2314453125 0.37152777812500004 0.2236328125 0.3888888890625 0.2138671875 0.3888888890625 0.2138671875 0.36805555624999997 0.1689453125 0.36805555624999997 0.154296875 0.38715277812500004 0.1552734375 0.3958333328125 0.150390625 0.38715277812500004 0.15234375 0.4079861109375 0.125 0.45659722187499996 0.125 0.6267361109375 0.1494140625 0.6423611109375 0.23046875 0.6510416671875 0.244140625 0.5850694437499999 0.2333984375 0.5625 0.2197265625 0.5555555562500001 0.212890625 0.5329861109375 0.2255859375 0.5069444437499999 0.2392578125 0.5069444437499999
1 0.3955078125 0.20815972187499998 0.3251953125 0.1907986109375 0.2548828125 0.20815972187499998 0.2421875 0.22378472187499998 0.2328125 0.2704513890625 0.2328125 0.274100378125 0.2431640625 0.3192708328125 0.2490234375 0.32274305625 0.2705078125 0.2984375 0.287109375 0.3140625 0.28125 0.3244791671875 0.2841796875 0.3470486109375 0.3154947859375 0.3515625 0.36289064375 0.3515625 0.4267578125 0.3505208328125 0.43125 0.3169791671875 0.43125 0.3107291671875 0.421875 0.23072916718749997 0.3955078125 0.20815972187499998
4 0.76953125 0.394704859375 0.7890625 0.311371528125 0.78125 0.238454859375 0.8427734375 0.19157986093749999 0.8515625 0.1794270828125 0.8466796875 0.16032986093749999 0.7802734375 0.1325520828125 0.7607421875 0.1325520828125 0.74609375 0.15164930625 0.73828125 0.18984375 0.724609375 0.2037326390625 0.712890625 0.28359375 0.7109375 0.41553819531249997 0.7278015140625 0.4421875 0.7358154203125 0.4421875 0.7734375 0.436371528125 0.76953125 0.394704859375
4 0.59296875 0.20876736093749998 0.4953125 0.15668402812499999 0.434765625 0.14626736093749998 0.4220703125 0.1827256953125 0.4201171875 0.2139756953125 0.4533203125 0.2764756953125 0.4669921875 0.35633680624999997 0.4767578125 0.3806423609375 0.4708984375 0.41536458437499996 0.4787109375 0.4292534703125 0.4787109375 0.44661458437499996 0.49921875 0.458767359375 0.5119140625 0.4917534703125 0.501171875 0.531684028125 0.471875 0.531684028125 0.4572265625 0.547309028125 0.4728515625 0.790364584375 0.485546875 0.8129340265625 0.5202015265625 0.83125 0.55112305 0.83125 0.587109375 0.8302951390625 0.5958984375 0.8216145828125001 0.5958984375 0.5125868062500001 0.6017578125 0.45008680625 0.5958984375 0.39453125 0.606640625 0.3580729171875 0.630078125 0.35112847187499996 0.63125 0.3462673609375 0.63125 0.3306423625 0.6154296875 0.2556423609375 0.59296875 0.20876736093749998
6 0.51943359375 0.37847222187499996 0.54189453125 0.38368055624999997 0.56728515625 0.3732638890625 0.57119140625 0.3454861109375 0.56240234375 0.3229166671875 0.53505859375 0.31944444375000003 0.52041015625 0.3454861109375 0.51943359375 0.37847222187499996
6 0.653466796875 0 0.6369140625 0.029427082812499998 0.6291015625 0.0919270828125 0.6291015625 0.1822048609375 0.59296875 0.21171875 0.583203125 0.2325520828125 0.5568359375 0.237760415625 0.5548828125 0.26206597187499997 0.5646484375 0.300260415625 0.5431640625 0.38706597187499997 0.5568359375 0.4634548609375 0.5822265625 0.47387152656250003 0.5685546875 0.5224826375 0.5607421875 0.5849826375 0.5626953125 0.6509548609375 0.5548828125 0.6787326375 0.5587890625 0.769010415625 0.5470703125 0.8002604171875 0.5490234375 0.9947048609375001 0.5978515718749999 0.996875 0.6645019421875 0.996875 0.7267578125 0.9947048609375001 0.7521484375 0.8419270828125001 0.7443359375 0.637065971875 0.7326171875 0.53984375 0.782421875 0.53116319375 0.7890625 0.5088638109375 0.7890625 0.47699652812500004 0.778515625 0.45824652656250003 0.7541015625 0.44956597187499997 0.7560546875 0.39053819375 0.7345703125 0.2828993046875 0.6974609375 0.2134548609375 0.7091796875 0.1544270828125 0.7111328125 0.0849826375 0.7013671875 0.0259548609375 0.6848209640625 0 0.653466796875 0
6 0.408203125 0.512152778125 0.396484375 0.4392361109375 0.412109375 0.39756944375000003 0.4091796875 0.38194444375000003 0.3916015625 0.38194444375000003 0.3798828125 0.3645833328125 0.2958984375 0.3645833328125 0.279296875 0.390625 0.25390625 0.4982638890625 0.236328125 0.5260416671875 0.236328125 0.550347221875 0.25 0.5954861109375 0.240234375 0.612847221875 0.228515625 0.6892361109375 0.21875 0.828125 0.234375 0.953125 0.232421875 0.9947916671874999 0.353515625 0.9947916671874999 0.36328125 0.9774305562500001 0.3828125 0.824652778125 0.392578125 0.6336805562500001 0.38671875 0.5850694437499999 0.3984375 0.5711805562500001 0.408203125 0.512152778125
6 0.919921875 0.237847221875 0.919921875 0.22048611093749998 0.9296875 0.21354166718749998 0.9296875 0.171875 0.91796875 0.1302083328125 0.90234375 0.112847221875 0.8984375 0.07118055625 0.8876953125 0.0625 0.87890625 0.078125 0.884765625 0.1232638890625 0.8671875 0.1614583328125 0.859375 0.24131944375 0.875 0.24826388906250002 0.869140625 0.328125 0.87890625 0.41493055625 0.896484375 0.44618055625 0.900390625 0.4739583328125 0.91015625 0.48090277812500004 0.91796875 0.4670138890625 0.919921875 0.4357638890625 0.9287109375 0.44097222187499996 0.93359375 0.42881944375 0.931640625 0.26909722187499996 0.919921875 0.237847221875
6 1 0.11631944375 0.98828125 0.078125 0.9755859375 0.06944444375 0.95703125 0.1302083328125 0.9609375 0.2864583328125 0.990234375 0.328125 1 0.30034722187499996 1 0.11631944375