3 0 0.48427774687499997 0.0009765625 0.48601350937500004 0.0166015625 0.48601350937500004 0.0185546875 0.489485034375 0.021484375 0.491220796875 0.0224609375 0.49295655937499994 0.0400390625 0.49295655937499994 0.0419921875 0.489485034375 0.0556640625 0.489485034375 0.0576171875 0.48601350937500004 0.0595703125 0.48601350937500004 0.0625 0.480806221875 0.0625 0.473863171875 0.0634765625 0.472127409375 0.0693359375 0.472127409375 0.0712890625 0.46865588437500005 0.0947265625 0.46865588437500005 0.1005859375 0.461712834375 0.1025390625 0.461712834375 0.1044921875 0.45824130937499996 0.1083984375 0.45824130937499996 0.1103515625 0.454769784375 0.1123046875 0.454769784375 0.1259765625 0.430469109375 0.1279296875 0.430469109375 0.1328125 0.4217902953125 0.1337890625 0.4165830078125 0.1357421875 0.4165830078125 0.146484375 0.3974896203125 0.146484375 0.3940180953125 0.1494140625 0.3888108078125 0.1513671875 0.3888108078125 0.162109375 0.3697174203125 0.162109375 0.36624589531249996 0.16796875 0.35583131875 0.16796875 0.34888826875 0.169921875 0.34541674375000003 0.169921875 0.33500216875 0.171875 0.33153064374999996 0.171875 0.31070149375 0.1748046875 0.30549420625 0.1826171875 0.30549420625 0.1884765625 0.31243725625 0.1923828125 0.31243725625 0.1982421875 0.30202268125 0.201171875 0.30028691875 0.201171875 0.29681539375 0.203125 0.29334386874999996 0.203125 0.28640081875 0.205078125 0.28292929375 0.205078125 0.2759862421875 0.203125 0.27251471718750003 0.203125 0.2239133671875 0.201171875 0.2204418421875 0.201171875 0.19614116718750002 0.19921875 0.192669640625 0.19921875 0.182255065625 0.197265625 0.178783540625 0.197265625 0.171840490625 0.1953125 0.168368965625 0.1953125 0.161425915625 0.19140625 0.151011340625 0.19140625 0.14406829062499998 0.1875 0.133653715625 0.1875 0.130182190625 0.18359375 0.12323914062500001 0.1826171875 0.1180318515625 0.1806640625 0.1180318515625 0.1787109375 0.1145603265625 0.1748046875 0.1145603265625 0.1728515625 0.1110888015625 0.1455078125 0.1110888015625 0.1435546875 0.1076172765625 0.1298828125 0.1076172765625 0.1279296875 0.1110888015625 0.1123046875 0.1110888015625 0.1083984375 0.1180318515625 0.1064453125 0.1180318515625 0.1044921875 0.12150337656250002 0.1005859375 0.12150337656250002 0.0966796875 0.128446428125 0.0908203125 0.13191795312500001 0.0888671875 0.135389478125 0.0869140625 0.135389478125 0.0849609375 0.138861003125 0.0830078125 0.138861003125 0.0810546875 0.142332528125 0.0791015625 0.142332528125 0.0771484375 0.145804053125 0.0751953125 0.145804053125 0.0712890625 0.152747103125 0.0654296875 0.156218628125 0.0615234375 0.163161678125 0.0556640625 0.16663320312500002 0.0537109375 0.170104728125 0.0517578125 0.170104728125 0.0478515625 0.177047778125 0.0458984375 0.177047778125 0.0439453125 0.180519303125 0.0400390625 0.180519303125 0.0302734375 0.19440540312500001 0.0244140625 0.197876928125 0.0205078125 0.20481997812500002 0.0185546875 0.20481997812500002 0.0166015625 0.20829150468750002 0.0126953125 0.20829150468750002 0.0087890625 0.2152345546875 0.0029296875 0.2187060796875 0 0.2239133671875 0 0.48427774687499997
3 0.201171875 0.28987234375000004 0.201171875 0.30028691875 0.2041015625 0.30202268125 0.2060546875 0.30549420625 0.2099609375 0.30549420625 0.2109375 0.30722996875 0.2119140625 0.30896573125 0.2197265625 0.30896573125 0.2216796875 0.30549420625 0.2236328125 0.30549420625 0.2265625 0.30028691875 0.2265625 0.29334386874999996 0.228515625 0.28987234375000004 0.228515625 0.28292929375 0.2470703125 0.2499498046875 0.2490234375 0.2499498046875 0.2509765625 0.24647827968749997 0.2548828125 0.24647827968749997 0.2568359375 0.2499498046875 0.2646484375 0.2499498046875 0.267578125 0.2447425171875 0.267578125 0.23779946718749997 0.2734375 0.2273848921875 0.2734375 0.2204418421875 0.27734375 0.2100272671875 0.27734375 0.192669640625 0.275390625 0.189198115625 0.275390625 0.11629609062499999 0.271484375 0.10588151406249999 0.271484375 0.0919954140625 0.267578125 0.0815808390625 0.267578125 0.0781093140625 0.265625 0.0746377890625 0.265625 0.0711662640625 0.263671875 0.0676947390625 0.263671875 0.0642232140625 0.2607421875 0.0590159265625 0.2587890625 0.0590159265625 0.2568359375 0.0555444015625 0.2412109375 0.0555444015625 0.2392578125 0.0520728765625 0.2197265625 0.0520728765625 0.2177734375 0.0555444015625 0.2080078125 0.0555444015625 0.2060546875 0.0590159265625 0.2021484375 0.0590159265625 0.1982421875 0.06595897656250001 0.1923828125 0.0694305015625 0.1904296875 0.0729020265625 0.1884765625 0.0729020265625 0.1865234375 0.0763735515625 0.1845703125 0.0763735515625 0.1826171875 0.07984507656249999 0.1787109375 0.07984507656249999 0.1689453125 0.09373117656249999 0.1630859375 0.09720270156250001 0.158203125 0.10588151406249999 0.1591796875 0.1110888015625 0.1611328125 0.1110888015625 0.1630859375 0.1145603265625 0.1689453125 0.1110888015625 0.1708984375 0.1145603265625 0.1787109375 0.1145603265625 0.1875 0.130182190625 0.1875 0.133653715625 0.19140625 0.140596765625 0.19140625 0.14753981562500001 0.193359375 0.151011340625 0.193359375 0.161425915625 0.1953125 0.164897440625 0.1953125 0.171840490625 0.197265625 0.175312015625 0.197265625 0.178783540625 0.19921875 0.182255065625 0.19921875 0.192669640625 0.201171875 0.19614116718750002 0.201171875 0.2239133671875 0.203125 0.2273848921875 0.203125 0.2655716671875 0.205078125 0.2690431921875 0.205078125 0.27945776875 0.201171875 0.28987234375000004
6 0.3021484375 0.8598205703125 0.3015625 0.8608620281249999 0.3015625 0.8830797875 0.3021484375 0.8841212453124999 0.3021484375 0.8875927703125001 0.3109375 0.9032146328125 0.31484375 0.9032146328125 0.316796875 0.906686159375 0.324609375 0.906686159375 0.3265625 0.9032146328125 0.328515625 0.9032146328125 0.334375 0.8928000578124999 0.340234375 0.8928000578124999 0.3421875 0.8962715828125001 0.348046875 0.8962715828125001 0.35390625 0.8858570078125 0.355859375 0.8858570078125 0.3587890625 0.8910642953125001 0.3587890625 0.8945358203125 0.3548828125 0.9049503953125001 0.3548828125 0.9118934453125 0.3529296875 0.9153649703125 0.3529296875 0.9188364968749999 0.348046875 0.9275153093749999 0.340234375 0.9275153093749999 0.3373046875 0.9327225968749999 0.33828125 0.937929884375 0.340234375 0.937929884375 0.345146084375 0.94375 0.358444278125 0.94375 0.3587890625 0.943137171875 0.3587890625 0.9327225968749999 0.3626953125 0.9257795468750001 0.3646484375 0.9153649703125 0.367578125 0.9101576843749999 0.371484375 0.9101576843749999 0.3734375 0.913629209375 0.379296875 0.913629209375 0.38125 0.9171007343750001 0.3890625 0.9171007343750001 0.391015625 0.920572259375 0.394921875 0.920572259375 0.396875 0.924043784375 0.40078125 0.924043784375 0.402734375 0.9275153093749999 0.40859375 0.9275153093749999 0.410546875 0.9309868343750001 0.4125 0.9309868343750001 0.414453125 0.934458359375 0.418359375 0.934458359375 0.422265625 0.9414014093749999 0.426171875 0.9414014093749999 0.427493221875 0.94375 0.436569278125 0.94375 0.4369140625 0.943137171875 0.43984375 0.9414014093749999 0.4447265625 0.9327225968749999 0.44765625 0.9171007343750001 0.453515625 0.920572259375 0.4564453125 0.9153649703125 0.4564453125 0.9118934453125 0.4544921875 0.9084219203125 0.4544921875 0.9049503953125001 0.4564453125 0.9014788703125 0.4564453125 0.8945358203125 0.4544921875 0.8910642953125001 0.4544921875 0.8875927703125001 0.4564453125 0.8841212453124999 0.4564453125 0.8806497203125 0.4603515625 0.8702351453125001 0.4603515625 0.8632920953125 0.4583984375 0.8598205703125 0.4564453125 0.8494059953124999 0.453515625 0.8441987078125001 0.4515625 0.8441987078125001 0.449609375 0.8407271828124999 0.4466796875 0.8389914203125001 0.44765625 0.8372556578125 0.4515625 0.8372556578125 0.453515625 0.8337841328125 0.457421875 0.8337841328125 0.459375 0.8372556578125 0.4642578125 0.82857684375 0.4642578125 0.82510531875 0.4662109375 0.82163379375 0.4662109375 0.8181622687500001 0.4701171875 0.80774769375 0.4701171875 0.79733311875 0.4662109375 0.7903900687500001 0.4662109375 0.78344701875 0.4603515625 0.77303244375 0.459375 0.76782515625 0.45546875 0.76782515625 0.453515625 0.76435363125 0.449609375 0.76435363125 0.4466796875 0.75914634375 0.4466796875 0.75567481875 0.4427734375 0.7487317671875 0.4427734375 0.7452602421875001 0.4408203125 0.7417887171875 0.4408203125 0.7209595671875 0.437890625 0.7192238046874999 0.4359375 0.7157522796875 0.430078125 0.7157522796875 0.4251953125 0.7244310921875 0.4251953125 0.7383171921875 0.4271484375 0.7417887171875 0.4271484375 0.7487317671875 0.4291015625 0.75220329375 0.4271484375 0.75567481875 0.4271484375 0.76956091875 0.4251953125 0.77303244375 0.4251953125 0.7799754937500001 0.4232421875 0.78344701875 0.4232421875 0.7903900687500001 0.418359375 0.79906888125 0.4125 0.80254040625 0.4115234375 0.8008046437499999 0.4115234375 0.7487317671875 0.4134765625 0.7452602421875001 0.4134765625 0.7417887171875 0.4115234375 0.7383171921875 0.4115234375 0.7313741421875 0.4037109375 0.7174880421875 0.4037109375 0.6966588921875 0.4017578125 0.6931873671875 0.4017578125 0.6897158421875 0.398828125 0.6879800796875 0.394921875 0.681037028125 0.391015625 0.681037028125 0.3890625 0.6845085546874999 0.387109375 0.6845085546874999 0.3841796875 0.6897158421875 0.3841796875 0.7070734671875 0.3861328125 0.7105449921875 0.3861328125 0.7174880421875 0.3900390625 0.7279026171874999 0.3880859375 0.7313741421875 0.3861328125 0.7417887171875 0.383203125 0.7435244812499999 0.38125 0.7469960062500001 0.371484375 0.7469960062500001 0.36953125 0.75046753125 0.367578125 0.7469960062500001 0.3578125 0.7469960062500001 0.355859375 0.75046753125 0.351953125 0.75046753125 0.35 0.75393905625 0.348046875 0.75393905625 0.3392578125 0.76956091875 0.3353515625 0.7903900687500001 0.332421875 0.7955973562499999 0.33046875 0.7955973562499999 0.3255859375 0.8042761687500001 0.3255859375 0.80774769375 0.3236328125 0.81121921875 0.3236328125 0.82163379375 0.320703125 0.8268410828125001 0.316796875 0.8268410828125001 0.31484375 0.8303126078125 0.3109375 0.8303126078125 0.30703125 0.8372556578125 0.3041015625 0.8389914203125001 0.3041015625 0.8459344703125 0.3021484375 0.8494059953124999 0.3021484375 0.8598205703125
6 0.236328125 0.9078038046874999 0.2392578125 0.91301109375 0.2412109375 0.91301109375 0.2431640625 0.9164826187499999 0.2490234375 0.9164826187499999 0.25 0.91821838125 0.2509765625 0.9199541437500001 0.2548828125 0.9199541437500001 0.2568359375 0.9164826187499999 0.259765625 0.9147468546875 0.259765625 0.9112753296875 0.2548828125 0.9025965171875001 0.251953125 0.9008607546875 0.25 0.8904461796875 0.2529296875 0.8852388921875001 0.2548828125 0.8852388921875001 0.2646484375 0.8678812671875 0.2705078125 0.8678812671875 0.2724609375 0.8644097421874999 0.2783203125 0.8644097421874999 0.2802734375 0.8609382171875 0.2841796875 0.8609382171875 0.2861328125 0.8574666921875 0.2900390625 0.8574666921875 0.2939453125 0.8505236421875001 0.2958984375 0.8505236421875001 0.2978515625 0.8470521171875 0.3037109375 0.8574666921875 0.3056640625 0.8574666921875 0.3076171875 0.8609382171875 0.310546875 0.8557309296875 0.310546875 0.8487878796875 0.3125 0.8453163546875 0.3125 0.8418448296875001 0.3046875 0.831430253125 0.302734375 0.821015678125 0.30078125 0.817544153125 0.30078125 0.793243478125 0.3046875 0.786300428125 0.3046875 0.779357378125 0.306640625 0.7758858531249999 0.306640625 0.7689428031250001 0.287109375 0.7342275515625001 0.287109375 0.7272845015625 0.2802734375 0.7151341640625 0.2763671875 0.7151341640625 0.2744140625 0.7116626390625 0.2685546875 0.7116626390625 0.2666015625 0.7081911140625 0.2626953125 0.7151341640625 0.2587890625 0.7151341640625 0.2529296875 0.7220772140625 0.25 0.7168699265625 0.2587890625 0.7012480640625001 0.2607421875 0.7012480640625001 0.2626953125 0.7047195890625 0.263671875 0.7029838265625 0.263671875 0.6960407765625 0.2607421875 0.6908334890625001 0.2578125 0.6890977265625 0.2578125 0.6856262015625 0.255859375 0.6821546765625001 0.255859375 0.6752116265625 0.2529296875 0.6700043375 0.2509765625 0.6700043375 0.2490234375 0.6665328125000001 0.2373046875 0.6665328125000001 0.232421875 0.6752116265625 0.232421875 0.6786831515625 0.23046875 0.6821546765625001 0.23046875 0.6925692515625 0.232421875 0.6960407765625 0.2265625 0.7064553515625 0.224609375 0.7168699265625 0.22265625 0.7203414515625 0.22265625 0.7272845015625 0.2216796875 0.7290202640625 0.2177734375 0.7290202640625 0.2158203125 0.7255487390625001 0.2138671875 0.7290202640625 0.2099609375 0.7290202640625 0.2060546875 0.7359633140625 0.2041015625 0.7359633140625 0.203125 0.7342275515625001 0.203125 0.7272845015625 0.20703125 0.7203414515625 0.20703125 0.6995123015625 0.2041015625 0.6977765390624999 0.2001953125 0.6908334890625001 0.1982421875 0.6908334890625001 0.1962890625 0.6943050140625 0.1923828125 0.6943050140625 0.189453125 0.6995123015625 0.1875 0.7099268765625 0.18359375 0.7168699265625 0.18359375 0.7203414515625 0.177734375 0.7307560265624999 0.177734375 0.7342275515625001 0.1748046875 0.7359633140625 0.1708984375 0.742906365625 0.16796875 0.7446421265625001 0.16796875 0.751585178125 0.166015625 0.755056703125 0.16796875 0.758528228125 0.16796875 0.779357378125 0.171875 0.786300428125 0.173828125 0.796715003125 0.177734375 0.8036580531249999 0.177734375 0.810601103125 0.1796875 0.814072628125 0.1796875 0.821015678125 0.177734375 0.8244872031250001 0.177734375 0.827958728125 0.173828125 0.8349017796875 0.173828125 0.8383733046874999 0.185546875 0.8557309296875 0.185546875 0.8626739796875 0.18359375 0.8661455046875 0.18359375 0.8730885546874999 0.181640625 0.8765600796875 0.181640625 0.8800316046875001 0.1845703125 0.8852388921875001 0.1884765625 0.8852388921875001 0.189453125 0.8904461796875 0.1962890625 0.9025965171875001 0.2021484375 0.90606804375 0.2041015625 0.90953956875 0.2080078125 0.90953956875 0.2099609375 0.90606804375 0.2138671875 0.90606804375 0.2158203125 0.9025965171875001 0.2177734375 0.9025965171875001 0.2236328125 0.8921819421875 0.2255859375 0.8921819421875 0.2275390625 0.8887104171875 0.2314453125 0.8887104171875 0.2333984375 0.8852388921875001 0.2373046875 0.8852388921875001 0.23828125 0.8869746546874999 0.23828125 0.8939177046875001 0.236328125 0.8973892296875 0.236328125 0.9078038046874999
6 0.020703125 0.56085005 0.0203125 0.5615443546875001 0.0203125 0.584456421875 0.020703125 0.5851507265625 0.020703125 0.5920937765625001 0.02265625 0.5955653015625 0.02265625 0.6059798765625 0.024609375 0.6094514015625 0.024609375 0.6163944515625001 0.0314453125 0.6285447890625 0.0333984375 0.6285447890625 0.0353515625 0.6320163140624999 0.0431640625 0.6320163140624999 0.0451171875 0.6285447890625 0.0548828125 0.6285447890625 0.0578125 0.6337520765625 0.0578125 0.6441666515625 0.055859375 0.6476381765625 0.055859375 0.6545812265625 0.0607421875 0.6632600390625 0.0646484375 0.6632600390625 0.0666015625 0.6667315640625 0.0685546875 0.6667315640625 0.071484375 0.6615242765625 0.067578125 0.6511097015625 0.067578125 0.6441666515625 0.0685546875 0.6424308890625 0.0724609375 0.6424308890625 0.0744140625 0.6459024140625 0.0783203125 0.6459024140625 0.0802734375 0.6493739390625 0.0841796875 0.6493739390625 0.08515625 0.6441666515625 0.087109375 0.6406951265624999 0.087109375 0.6372236015625 0.0939453125 0.6250732640625001 0.0998046875 0.6216017390624999 0.1051320984375 0.613637759375 0.1051320984375 0.60727025 0.10716239062499999 0.59899249375 0.11193951718749999 0.5962332406249999 0.116119503125 0.5979312421875 0.1180303421875 0.6023884953125 0.119702346875 0.6081192703125 0.11910520625000001 0.613637759375 0.119702346875 0.6163970187500001 0.12018005312499999 0.6202175234375 0.1192246234375 0.62658503125 0.11814977812500001 0.6314667953125 0.1202994875 0.663728834375 0.12316427187500001 0.671875 0.12348787812499999 0.671875 0.1259126078125 0.6677615921875 0.128125 0.6615242765625 0.128125 0.6441666515625 0.12421875 0.6337520765625 0.128125 0.6302805515625 0.1203125 0.6163944515625001 0.1203125 0.6059798765625 0.11640625 0.5955653015625 0.11640625 0.5886222515624999 0.114453125 0.5851507265625 0.114453125 0.578207675 0.1125 0.57473615 0.110546875 0.564321575 0.106640625 0.5573785250000001 0.106640625 0.5469639500000001 0.1046875 0.543492425 0.1046875 0.5400209 0.098828125 0.5296063249999999 0.0978515625 0.5243990375 0.0919921875 0.5348136125 0.0861328125 0.5382851375000001 0.08515625 0.5400209 0.08515625 0.550435475 0.0841796875 0.5521712375 0.083203125 0.550435475 0.083203125 0.536549375 0.08125 0.53307785 0.08125 0.5261348 0.07734375 0.515720225 0.07734375 0.5018341234375 0.08125 0.49489107343749994 0.08125 0.4914195484375 0.083203125 0.48794802343750004 0.083203125 0.47753344843749995 0.0802734375 0.4723261609375 0.0685546875 0.4723261609375 0.065625 0.47753344843749995 0.065625 0.48794802343750004 0.059765625 0.4983625984375 0.059765625 0.5018341234375 0.0578125 0.50530565 0.0578125 0.508777175 0.05390625 0.51919175 0.05390625 0.5400209 0.0529296875 0.5417566625 0.0470703125 0.5417566625 0.0451171875 0.5382851375000001 0.0412109375 0.5382851375000001 0.0373046875 0.5313420875 0.0353515625 0.5313420875 0.0333984375 0.5278705625 0.0294921875 0.5278705625 0.0275390625 0.5313420875 0.024609375 0.53307785 0.024609375 0.536549375 0.0265625 0.5400209 0.024609375 0.543492425 0.024609375 0.550435475 0.020703125 0.5573785250000001 0.020703125 0.56085005
6 0.4177734375 0.3831029140625 0.4171875 0.384144371875 0.4171875 0.38900450625 0.41875 0.3917817265625 0.4216796875 0.3865744390625 0.4216796875 0.3831029140625 0.4236328125 0.3796313890625 0.4236328125 0.3726883390625 0.4255859375 0.3692168140625 0.4265625 0.36400952656249996 0.4275390625 0.36574528906250003 0.4275390625 0.3726883390625 0.43046875 0.3744241015625 0.432421875 0.37789562656250003 0.434375 0.37789562656250003 0.4412109375 0.3900459640625 0.4412109375 0.40393206406250004 0.4431640625 0.40740358906249996 0.4431640625 0.4143466390625 0.443883284375 0.415625 0.448304215625 0.415625 0.4490234375 0.4143466390625 0.4490234375 0.3900459640625 0.4509765625 0.3865744390625 0.4509765625 0.3796313890625 0.4548828125 0.3726883390625 0.4548828125 0.3692168140625 0.4587890625 0.3588022375 0.4587890625 0.3553307125 0.4568359375 0.3518591875 0.4568359375 0.3275585125 0.4529296875 0.3240869875 0.4529296875 0.3136724125 0.45390625 0.31193665 0.459765625 0.31193665 0.4607421875 0.3102008875 0.4607421875 0.2963147875 0.4568359375 0.2893717375 0.4568359375 0.2859002125 0.4529296875 0.2789571625 0.4529296875 0.27548563593750003 0.4451171875 0.2650710609375 0.4451171875 0.2511849609375 0.4421875 0.24597767343750002 0.43828125 0.24597767343750002 0.4333984375 0.2546564859375 0.4333984375 0.2650710609375 0.4275390625 0.27548563593750003 0.4275390625 0.2789571625 0.4255859375 0.2824286875 0.4255859375 0.2893717375 0.4236328125 0.29284326250000003 0.4236328125 0.2997863125 0.4255859375 0.3032578375 0.4255859375 0.3102008875 0.4275390625 0.3136724125 0.4255859375 0.3171439375 0.4255859375 0.33103003750000004 0.4236328125 0.33450156249999996 0.4236328125 0.3379730875 0.4216796875 0.3414446125 0.4216796875 0.34838766250000003 0.4197265625 0.3518591875 0.4197265625 0.3726883390625 0.4177734375 0.3761598640625 0.4177734375 0.3831029140625
6 0.404296875 0.140596765625 0.404296875 0.14753981562500001 0.408203125 0.154482865625 0.408203125 0.20308421718749997 0.41015625 0.2065557421875 0.41015625 0.2273848921875 0.4111328125 0.22912065468749998 0.4150390625 0.22912065468749998 0.416015625 0.2239133671875 0.41796875 0.2204418421875 0.41796875 0.2134987921875 0.4189453125 0.2117630296875 0.4228515625 0.2117630296875 0.42578125 0.2065557421875 0.42578125 0.20308421718749997 0.427734375 0.1996126921875 0.427734375 0.189198115625 0.431640625 0.178783540625 0.431640625 0.175312015625 0.43359375 0.171840490625 0.43359375 0.168368965625 0.431640625 0.164897440625 0.431640625 0.154482865625 0.435546875 0.14406829062499998 0.43359375 0.140596765625 0.43359375 0.126710665625 0.427734375 0.11629609062499999 0.427734375 0.1093530390625 0.4248046875 0.10414575156250001 0.4208984375 0.10414575156250001 0.41796875 0.1093530390625 0.41796875 0.11629609062499999 0.412109375 0.126710665625 0.412109375 0.130182190625 0.41015625 0.133653715625 0.4091796875 0.138861003125 0.4052734375 0.138861003125 0.404296875 0.140596765625
6 0.47265625 0.175312015625 0.47265625 0.2169703171875 0.478515625 0.2273848921875 0.478515625 0.23432794218750003 0.48046875 0.23779946718749997 0.48046875 0.24127099218749998 0.4833984375 0.24300675468750002 0.486328125 0.23779946718749997 0.486328125 0.2273848921875 0.48828125 0.2239133671875 0.48828125 0.2065557421875 0.490234375 0.20308421718749997 0.490234375 0.171840490625 0.494140625 0.161425915625 0.494140625 0.137125240625 0.4912109375 0.13191795312500001 0.48828125 0.130182190625 0.48828125 0.11282456562500001 0.4853515625 0.1076172765625 0.4814453125 0.1076172765625 0.478515625 0.11282456562500001 0.478515625 0.126710665625 0.47265625 0.137125240625 0.47265625 0.140596765625 0.470703125 0.14406829062499998 0.470703125 0.154482865625 0.46875 0.157954390625 0.46875 0.164897440625 0.4716796875 0.16663320312500002 0.474609375 0.171840490625 0.47265625 0.175312015625
6 0.4296875 0.23480694687499998 0.428125 0.2375841671875 0.428125 0.2403613875 0.4296875 0.248693046875 0.428125 0.2514702671875 0.428125 0.2528588765625 0.4306640625 0.25737185937499996 0.4365234375 0.260843384375 0.441850884375 0.2703125 0.442914740625 0.2703125 0.443359375 0.269522196875 0.4453125 0.26605067187500003 0.4453125 0.259107621875 0.447265625 0.255636096875 0.447265625 0.25216457187499997 0.4501953125 0.246957284375 0.4619140625 0.246957284375 0.4625 0.24591582656250002 0.4625 0.2341126421875 0.4609375 0.23133542187499997 0.4609375 0.200091696875 0.4625 0.1973144765625 0.4625 0.188982815625 0.458984375 0.1827340703125 0.45703125 0.1723194953125 0.453125 0.1653764453125 0.453125 0.1514903453125 0.4501953125 0.1462830578125 0.4443359375 0.1462830578125 0.4423828125 0.1497545828125 0.4404296875 0.1497545828125 0.435546875 0.1584333953125 0.435546875 0.1653764453125 0.431640625 0.1723194953125 0.431640625 0.1757910203125 0.4296875 0.17926254531250002 0.4296875 0.23480694687499998
6 0.6443359375 0.026720075 0.64375 0.0277615328125 0.64375 0.040779753125 0.6462890625 0.047549228124999995 0.6462890625 0.057963803125000005 0.6443359375 0.061435328125 0.6443359375 0.0822644765625 0.6501953125 0.092679053125 0.6501953125 0.0961505765625 0.6523610468750001 0.1 0.6577952015624999 0.1 0.6580078125 0.0996221015625 0.6580078125 0.092679053125 0.6619140625 0.0857360015625 0.6619140625 0.078792953125 0.6638671875 0.075321428125 0.6638671875 0.061435328125 0.6619140625 0.057963803125000005 0.6619140625 0.026720075 0.6599609375 0.02324855 0.6580078125 0.012833975000000001 0.655078125 0.0076266875 0.651171875 0.0076266875 0.6482421875 0.012833975000000001 0.6482421875 0.0163055 0.6443359375 0.02324855 0.6443359375 0.026720075
6 0.6111328125 0.0194305015625 0.609375 0.0241170609375 0.609375 0.0822651046875 0.6111328125 0.0853894765625 0.612109375 0.0905967640625 0.6140625 0.0905967640625 0.6158365515625001 0.09375 0.6220540734375 0.09375 0.6228515625 0.09233252812500001 0.6248046875 0.088861003125 0.6248046875 0.0853894765625 0.6287109375 0.074974903125 0.6287109375 0.050674228125 0.6267578125 0.047202703125 0.6267578125 0.0229020265625 0.6228515625 0.015958976562499998 0.6228515625 0.0090159265625 0.621875 0.0072801640624999995 0.616015625 0.0072801640624999995 0.6111328125 0.015958976562499998 0.6111328125 0.0194305015625
1 0.6826171875 0.135389478125 0.6845703125 0.12497490156249999 0.6962890625 0.12497490156249999 0.7041015625 0.138861003125 0.7060546875 0.138861003125 0.708984375 0.14406829062499998 0.7119140625 0.145804053125 0.7138671875 0.142332528125 0.7197265625 0.142332528125 0.724609375 0.133653715625 0.724609375 0.119767615625 0.7265625 0.11629609062499999 0.7265625 0.0711662640625 0.728515625 0.0676947390625 0.728515625 0.05728016406250001 0.7265625 0.0538086390625 0.7265625 0.0503371140625 0.7197265625 0.038186775 0.7177734375 0.038186775 0.7158203125 0.034715249999999996 0.6884765625 0.034715249999999996 0.6865234375 0.038186775 0.68359375 0.0399225390625 0.68359375 0.0433940640625 0.681640625 0.046865589062500004 0.681640625 0.0815808390625 0.6796875 0.0850523640625 0.6796875 0.10588151406249999 0.677734375 0.1093530390625 0.677734375 0.130182190625 0.6806640625 0.135389478125 0.6826171875 0.135389478125
1 0.700390625 0.1597281578125 0.6985331140625 0.153125 0.6981506578125 0.153125 0.692578125 0.1597281578125 0.67890625 0.1597281578125 0.6759765625 0.16493544531249998 0.6759765625 0.16840697031250002 0.6720703125 0.1788215453125 0.6720703125 0.1857645953125 0.6703125 0.18888896718749998 0.6703125 0.196526325 0.6720703125 0.199650696875 0.6720703125 0.203122221875 0.6703125 0.20624659374999998 0.6703125 0.259013775 0.6720703125 0.26213814687500003 0.6720703125 0.2794957734375 0.6740234375 0.2829672984375 0.6740234375 0.2968533984375 0.676953125 0.2985891609375 0.67890625 0.3020606859375 0.680859375 0.3020606859375 0.6828125 0.3055322109375 0.684765625 0.3055322109375 0.6896484375 0.3142110234375 0.6896484375 0.3176825484375 0.6916015625 0.3211540734375 0.6916015625 0.32809712343749997 0.69425449375 0.3328125 0.6948080062499999 0.3328125 0.6955078125 0.3315686484375 0.6994140625 0.3246255984375 0.6994140625 0.3142110234375 0.7013671875 0.3107394984375 0.7013671875 0.3072679734375 0.704296875 0.3020606859375 0.716015625 0.3020606859375 0.723828125 0.2881745859375 0.72578125 0.2881745859375 0.734375 0.272899875 0.734375 0.24790489375 0.7326171875 0.24478052187500002 0.7326171875 0.1857645953125 0.7306640625 0.1822930703125 0.7306640625 0.16840697031250002 0.72578125 0.1597281578125 0.721875 0.1597281578125 0.719921875 0.1562566328125 0.712109375 0.1562566328125 0.71015625 0.1597281578125 0.700390625 0.1597281578125
1 0.78984375 0.09378800468750001 0.788064203125 0.090625 0.752560796875 0.090625 0.74296875 0.10767410468750001 0.741015625 0.10767410468750001 0.7390625 0.11114563125000002 0.7390625 0.12503173125 0.741015625 0.12850325625 0.76640625 0.12850325625 0.768359375 0.1250317296875 0.78203125 0.1250317296875 0.7849609375 0.13023901875 0.7849609375 0.17189731875 0.7869140625 0.17536884375 0.7849609375 0.18578341874999998 0.7869140625 0.18925494375000002 0.7869140625 0.19619799531249998 0.787890625 0.19793375625 0.791796875 0.19793375625 0.7947265625 0.2031410453125 0.7956026359374999 0.2078125 0.7999108421875001 0.2078125 0.8005859375 0.2066125703125 0.8025390625 0.2031410453125 0.8025390625 0.19272646875 0.8005859375 0.18925494375000002 0.8005859375 0.16148274375 0.7986328125 0.15801121875 0.7986328125 0.14065359375 0.7966796875 0.13718206875 0.7966796875 0.13023901875 0.7947265625 0.12676749375000002 0.7947265625 0.11982444375000001 0.7966796875 0.11635291875 0.7966796875 0.1059383421875 0.7947265625 0.10246681718749999 0.7947265625 0.0989952921875 0.791796875 0.09378800468750001 0.78984375 0.09378800468750001
1 0.5484375 0.058817565625 0.54375 0.067149225 0.54375 0.08867268125 0.5455078125 0.091797053125 0.5455078125 0.095268578125 0.5484375 0.09700434062499999 0.5494140625 0.102211628125 0.5513671875 0.10568315312500001 0.5513671875 0.1403984046875 0.5533203125 0.1438699296875 0.5533203125 0.1646990796875 0.558203125 0.1733778921875 0.5640625 0.1733778921875 0.5669921875 0.1785851796875 0.5669921875 0.1820567046875 0.5691755734374999 0.1859375 0.5706681765625 0.1859375 0.5708984375 0.1855282296875 0.5728515625 0.1820567046875 0.5748046875 0.17164212968749998 0.577734375 0.16990636718750002 0.5826171875 0.1612275546875 0.5826171875 0.15081297968750002 0.5845703125 0.14734145468749998 0.5865234375 0.1369268796875 0.5904296875 0.1299838296875 0.5904296875 0.1126262046875 0.5921875 0.10950183124999999 0.5921875 0.081035325 0.5904296875 0.077910953125 0.5904296875 0.070967903125 0.5884765625 0.067496378125 0.5875 0.062289090625 0.577734375 0.062289090625 0.57578125 0.058817565625 0.5484375 0.058817565625
1 0.4517578125 0.1092460171875 0.45 0.11237039062500001 0.45 0.1165362203125 0.4517578125 0.11966059375 0.4517578125 0.13354669218749998 0.4546875 0.13875398125 0.460546875 0.13875398125 0.4673828125 0.1266036421875 0.4673828125 0.1161890671875 0.4693359375 0.11271754375000001 0.4693359375 0.1092460171875 0.4703125 0.107510253125 0.47421875 0.107510253125 0.4771484375 0.11271754375000001 0.4771484375 0.12313211875 0.4791015625 0.1266036421875 0.4791015625 0.13007516875 0.4869140625 0.1439612671875 0.4869140625 0.1509043171875 0.4888671875 0.1543758421875 0.4888671875 0.1578125 0.492832290625 0.1578125 0.495703125 0.15611160625 0.49765625 0.15264007968749999 0.499609375 0.15264007968749999 0.5025390625 0.14743279375 0.5025390625 0.1266036421875 0.5044921875 0.12313211875 0.5044921875 0.081473815625 0.50625 0.0783494453125 0.50625 0.0602975140625 0.5015625 0.0519658546875 0.495703125 0.0484943296875 0.491796875 0.041551278125 0.460546875 0.041551278125 0.45859375 0.045022803125 0.456640625 0.045022803125 0.4537109375 0.050230090625 0.4537109375 0.084945340625 0.4517578125 0.0884168671875 0.4537109375 0.0918883921875 0.4517578125 0.0953599171875 0.4517578125 0.1092460171875
1 0.78515625 0.341898159375 0.7853190375 0.3421875 0.7908528375 0.3421875 0.791015625 0.341898159375 0.7890625 0.338426634375 0.7890625 0.334955109375 0.791015625 0.33148358437500003 0.791015625 0.32454053437499997 0.7939453125 0.319333246875 0.7958984375 0.319333246875 0.7978515625 0.315861721875 0.8115234375 0.315861721875 0.8134765625 0.31239019687499997 0.8193359375 0.308918671875 0.82421875 0.30023985937500003 0.82421875 0.293296809375 0.8251953125 0.291561046875 0.8271484375 0.291561046875 0.828125 0.296768334375 0.8310546875 0.301975621875 0.8349609375 0.301975621875 0.8359375 0.296768334375 0.837890625 0.293296809375 0.837890625 0.28635375937499996 0.83984375 0.28288223437500004 0.83984375 0.2689961328125 0.837890625 0.2655246078125 0.837890625 0.25858155781250003 0.841796875 0.2551100328125 0.841796875 0.1995656328125 0.83984375 0.1960941078125 0.83984375 0.18220800625 0.837890625 0.17873648125 0.837890625 0.13360665625 0.8359375 0.13013513125 0.8349609375 0.1249278421875 0.8134765625 0.1249278421875 0.8115234375 0.12839936875 0.7900390625 0.12839936875 0.7880859375 0.13187089375 0.7666015625 0.13187089375 0.7578125 0.14749275625 0.7578125 0.15096428125 0.75390625 0.15790733125 0.75390625 0.16485038125 0.751953125 0.16832190625000001 0.75390625 0.17179343125 0.75390625 0.1960941078125 0.755859375 0.1995656328125 0.755859375 0.2099802078125 0.75390625 0.2134517328125 0.75390625 0.2238663078125 0.755859375 0.22733783281250003 0.755859375 0.23428088281249998 0.7578125 0.2377524078125 0.7578125 0.279410709375 0.755859375 0.28288223437500004 0.755859375 0.28635375937499996 0.7587890625 0.291561046875 0.7626953125 0.291561046875 0.763671875 0.293296809375 0.763671875 0.30023985937500003 0.765625 0.303711384375 0.765625 0.307182909375 0.767578125 0.310654434375 0.7685546875 0.315861721875 0.7724609375 0.315861721875 0.7744140625 0.319333246875 0.7802734375 0.319333246875 0.78125 0.32454053437499997 0.783203125 0.328012059375 0.783203125 0.334955109375 0.78515625 0.338426634375 0.78515625 0.341898159375
4 0.4921875 0.3105693734375 0.49415277812499997 0.3140625 0.49803472187500003 0.3140625 0.4990234375 0.3123051359375 0.5029296875 0.3123051359375 0.5048828125 0.3088336109375 0.5322265625 0.3088336109375 0.5341796875 0.3123051359375 0.5478515625 0.3123051359375 0.5488402781249999 0.3140625 0.5605347218750001 0.3140625 0.560546875 0.3140408984375 0.560546875 0.3070978484375 0.5625 0.30362632343749996 0.5625 0.2966832734375 0.560546875 0.2932117484375 0.560546875 0.275854121875 0.5625 0.272382596875 0.5625 0.26891107187499996 0.560546875 0.26543954687500004 0.560546875 0.237667346875 0.55859375 0.234195821875 0.55859375 0.216838196875 0.556640625 0.21336667187499997 0.556640625 0.19948057187499998 0.5546875 0.196009046875 0.5546875 0.1821229453125 0.552734375 0.1786514203125 0.552734375 0.1717083703125 0.548828125 0.1647653203125 0.548828125 0.16129379531250002 0.546875 0.1578222703125 0.546875 0.1474076953125 0.5419921875 0.1387288828125 0.5341796875 0.1387288828125 0.5322265625 0.13525735781249998 0.5009765625 0.13525735781249998 0.498046875 0.1404646453125 0.498046875 0.1474076953125 0.494140625 0.15435074531249998 0.494140625 0.16129379531250002 0.4921875 0.1647653203125 0.4921875 0.1925375203125 0.484375 0.20642362187500002 0.486328125 0.20989514687500002 0.486328125 0.216838196875 0.48828125 0.220309721875 0.48828125 0.26543954687500004 0.490234375 0.26891107187499996 0.490234375 0.30362632343749996 0.4921875 0.3070978484375 0.4921875 0.3105693734375
7 0.641796875 0.3853772875 0.64375 0.3819057625 0.653515625 0.3819057625 0.65546875 0.3784342375 0.659375 0.3784342375 0.661328125 0.3749627125 0.66328125 0.3749627125 0.6662109375 0.369755425 0.6662109375 0.33504017343750003 0.6681640625 0.3315686484375 0.6681640625 0.276024246875 0.6701171875 0.272552721875 0.6701171875 0.251723571875 0.6681640625 0.24825204687500002 0.6681640625 0.18923612031249998 0.6662109375 0.1857645953125 0.6662109375 0.16840697031250002 0.6642578125 0.16493544531249998 0.6642578125 0.1510493453125 0.6623046875 0.1475778203125 0.6623046875 0.12674867031249998 0.6603515625 0.1232771453125 0.6603515625 0.1198056203125 0.6623046875 0.11633409531250001 0.6623046875 0.10591951875000001 0.657421875 0.09724070625 0.614453125 0.09724070625 0.6125 0.10071223124999999 0.598828125 0.10071223124999999 0.596875 0.10418375625000001 0.59296875 0.10418375625000001 0.5880859375 0.1128625703125 0.5880859375 0.1198056203125 0.5861328125 0.1232771453125 0.5861328125 0.12674867031249998 0.5841796875 0.1302201953125 0.5841796875 0.1336917203125 0.5822265625 0.1371632453125 0.5822265625 0.1406347703125 0.5783203125 0.1510493453125 0.5783203125 0.203122221875 0.5822265625 0.213536796875 0.5822265625 0.26213814687500003 0.5802734375 0.265609671875 0.5802734375 0.269081196875 0.5822265625 0.272552721875 0.5822265625 0.276024246875 0.5802734375 0.2794957734375 0.5802734375 0.2829672984375 0.5822265625 0.2864388234375 0.5822265625 0.36281237499999996 0.5841796875 0.3662839 0.5841796875 0.37669847500000003 0.5861328125 0.38017 0.5861328125 0.383641525 0.5890625 0.3888488125 0.594921875 0.3888488125 0.5958984375 0.38711305 0.596875 0.3853772875 0.641796875 0.3853772875