4 0.5400390625 0.9655381953125 0.5453613296875 0.975 0.5485839828125 0.975 0.55078125 0.97421875 0.556640625 0.9568576390624999 0.55859375 0.9221354171874999 0.5771484375 0.8856770828125 0.580078125 0.8874131953125 0.583984375 0.9256076390624999 0.5888671875 0.92734375 0.591796875 0.9186631953125 0.59375 0.8874131953125 0.599609375 0.8561631953125 0.59765625 0.7693576390625 0.59375 0.741579859375 0.58984375 0.7276909734375 0.5615234375 0.67734375 0.5322265625 0.6738715281250001 0.5302734375 0.67039930625 0.4697265625 0.67734375 0.4599609375 0.6877604171875 0.443359375 0.71727430625 0.4208984375 0.7780381953125 0.4091796875 0.77109375 0.40234375 0.7763020843749999 0.40234375 0.78671875 0.4091796875 0.7919270843749999 0.4111328125 0.788454859375 0.4140625 0.7936631953125 0.4140625 0.804079859375 0.39453125 0.866579859375 0.392578125 0.9394965281250001 0.396484375 0.9568576390624999 0.4013671875 0.9690104171874999 0.4248046875 0.9655381953125 0.4267578125 0.9620659734375 0.4365234375 0.9620659734375 0.4384765625 0.9655381953125 0.4990234375 0.9655381953125 0.5009765625 0.9690104171874999 0.5400390625 0.9655381953125
4 0.794140625 0.95477430625 0.8055087000000001 0.971875 0.8077343750000001 0.971875 0.8146484375 0.9565104171875 0.81953125 0.9131076390624999 0.825390625 0.9096354171875 0.844921875 0.8818576390624999 0.852734375 0.8783854171875 0.856640625 0.8853298609375001 0.864453125 0.8853298609375001 0.8712890625 0.8662326390624999 0.8732421875 0.78289930625 0.8654296875 0.755121528125 0.8654296875 0.7342881953125 0.856640625 0.7186631953125 0.846875 0.7151909734374999 0.83515625 0.6943576390625 0.81953125 0.6874131953125 0.809765625 0.6874131953125 0.79609375 0.6804687515625 0.747265625 0.6839409734374999 0.73359375 0.6908854171875001 0.71796875 0.708246528125 0.7013671875 0.7377604171875001 0.688671875 0.7776909734374999 0.6828125 0.76727430625 0.673046875 0.76727430625 0.6701171875 0.7724826390625 0.6818359375 0.7933159734374999 0.6818359375 0.8002604171875 0.6623046875 0.8315104171875 0.6505859375 0.880121528125 0.6505859375 0.911371528125 0.6486328125 0.9148437515625 0.6505859375 0.93914930625 0.661328125 0.9651909734374999 0.680859375 0.9617187515625 0.6828125 0.958246528125 0.684765625 0.9617187515625 0.70625 0.9617187515625 0.708203125 0.9651909734374999 0.719921875 0.9651909734374999 0.721875 0.9617187515625 0.72578125 0.9651909734374999 0.76484375 0.9651909734374999 0.794140625 0.95477430625
4 0.67890625 0.6907118046875 0.6841064453125 0.696875 0.6887207078124999 0.696875 0.6935546875 0.695920140625 0.6974609375 0.68897569375 0.7013671875 0.664670140625 0.708203125 0.6525173609375 0.71796875 0.6525173609375 0.7248046875 0.633420140625 0.7228515625 0.5466145828125 0.7111328125 0.5118923609375 0.7052734375 0.48411458281249997 0.700390625 0.4754340265625 0.67890625 0.46848958281249997 0.676953125 0.47196180468750004 0.645703125 0.47196180468750004 0.64375 0.4754340265625 0.622265625 0.47890625 0.614453125 0.48585069374999995 0.6056640625 0.50147569375 0.587109375 0.5518229156250001 0.579296875 0.5448784718749999 0.5724609375 0.5535590265625 0.575390625 0.5622395828125 0.58125 0.5622395828125 0.5841796875 0.5674479156250001 0.5744140625 0.602170140625 0.5705078125 0.6368923609375 0.571484375 0.6768229156250001 0.575390625 0.680295140625 0.598828125 0.680295140625 0.6125 0.6907118046875 0.65546875 0.6907118046875 0.657421875 0.6941840265625 0.67890625 0.6907118046875
4 0.3828125 0.4947916671875 0.384765625 0.5677083328125 0.3876953125 0.5763888890625 0.396484375 0.578125 0.400390625 0.609375 0.40625 0.6232638890625 0.4111328125 0.625 0.4248046875 0.6076388890625 0.5068359375 0.6041666671875 0.5146484375 0.625 0.5205078125 0.625 0.525390625 0.609375 0.525390625 0.5364583328125 0.5234375 0.5329861109375 0.5234375 0.5086805562500001 0.517578125 0.4982638890625 0.51171875 0.4739583328125 0.5224609375 0.47222222187499996 0.525390625 0.46006944375 0.5126953125 0.4583333328125 0.5107421875 0.46180555625 0.50390625 0.44965277812500004 0.494140625 0.41840277812500004 0.4775390625 0.3888888890625 0.4716796875 0.3854166671875 0.4072265625 0.3854166671875 0.3994140625 0.3923611109375 0.390625 0.4322916671875 0.37890625 0.45659722187499996 0.37890625 0.47743055625 0.3828125 0.4947916671875
4 0.203125 0.4079861109375 0.201171875 0.4357638890625 0.189453125 0.45659722187499996 0.19140625 0.581597221875 0.1962890625 0.590277778125 0.287109375 0.5920138890625 0.2958984375 0.59375 0.298828125 0.5850694437499999 0.30078125 0.5364583328125 0.294921875 0.484375 0.306640625 0.4739583328125 0.306640625 0.4635416671875 0.3037109375 0.4583333328125 0.2900390625 0.4583333328125 0.287109375 0.453125 0.283203125 0.42534722187499996 0.27734375 0.4045138890625 0.2705078125 0.3958333328125 0.2373046875 0.3923611109375 0.2353515625 0.3958333328125 0.2080078125 0.39930555624999997 0.203125 0.4079861109375
1 0.8212890625 0.4236111109375 0.81943359375 0.4203125 0.81904296875 0.4203125 0.8134765625 0.4236111109375 0.7744140625 0.4236111109375 0.77255859375 0.4203125 0.754741753125 0.4203125 0.7421875 0.4357638890625 0.740234375 0.44618055625 0.7421875 0.5086805562500001 0.736328125 0.550347221875 0.73828125 0.5711805562500001 0.734375 0.5920138890625 0.744140625 0.612847221875 0.744140625 0.6232638890625 0.7490234375 0.625 0.7548828125 0.6388888890625 0.75859375 0.6421875 0.7604492171875 0.6421875 0.775390625 0.640625 0.779296875 0.637152778125 0.7841796875 0.6145833328125 0.7919921875 0.6145833328125 0.7998046875 0.6076388890625 0.8271484375 0.6076388890625 0.8310546875 0.6111111109375 0.8330078125 0.6076388890625 0.8798828125 0.6041666671875 0.9013671875 0.6319444437499999 0.912109375 0.6163194437499999 0.9140625 0.605902778125 0.912109375 0.5920138890625 0.9140625 0.5572916671875 0.9111328125 0.5520833328125 0.8984375 0.5538194437499999 0.896484375 0.4982638890625 0.890625 0.49131944375 0.8701171875 0.43055555625 0.8623046875 0.4236111109375 0.8212890625 0.4236111109375
4 0.451171875 0.3732638890625 0.4560546875 0.38194444375000003 0.4775390625 0.38194444375000003 0.4814453125 0.3854166671875 0.482421875 0.39409722187499996 0.501953125 0.42534722187499996 0.5185546875 0.4270833328125 0.5205078125 0.4236111109375 0.5283203125 0.4270833328125 0.5380859375 0.4236111109375 0.5400390625 0.4270833328125 0.5498046875 0.4270833328125 0.5537109375 0.4236111109375 0.55859375 0.41493055625 0.55859375 0.3697916671875 0.541015625 0.3177083328125 0.537109375 0.29340277812500004 0.5283203125 0.27430555624999997 0.5185546875 0.2638888890625 0.4970703125 0.2638888890625 0.4951171875 0.2604166671875 0.4853515625 0.2673611109375 0.4697265625 0.2708333328125 0.46484375 0.2795138890625 0.458984375 0.30381944375000003 0.451171875 0.3177083328125 0.44921875 0.35590277812500004 0.451171875 0.3732638890625
4 0.3515625 0.3385416671875 0.33984375 0.36284722187499996 0.333984375 0.38368055624999997 0.3359375 0.4635416671875 0.337890625 0.47743055625 0.34765625 0.4947916671875 0.3505859375 0.49652777812500004 0.3603515625 0.4895833328125 0.3740234375 0.49305555625 0.3779296875 0.4895833328125 0.37890625 0.44965277812500004 0.390625 0.42881944375 0.396484375 0.39756944375000003 0.4052734375 0.3854166671875 0.4267578125 0.3854166671875 0.431640625 0.3802083328125 0.431640625 0.36631944375000003 0.4189453125 0.3263888890625 0.4091796875 0.31944444375000003 0.3642578125 0.31944444375000003 0.3564453125 0.3229166671875 0.3515625 0.33159722187499996 0.3515625 0.3385416671875
4 0.2509765625 0.3854166671875 0.2529296875 0.38194444375000003 0.2802734375 0.38194444375000003 0.2822265625 0.37847222187499996 0.3154296875 0.37847222187499996 0.326171875 0.390625 0.330078125 0.38715277812500004 0.330078125 0.3177083328125 0.340625 0.2833333328125 0.322265625 0.2829861109375 0.314453125 0.2552083328125 0.3017578125 0.23611111093749998 0.2607421875 0.23611111093749998 0.2548828125 0.23958333281250002 0.23828125 0.27256944375000003 0.234375 0.296875 0.234375 0.3697916671875 0.236328125 0.3802083328125 0.2392578125 0.3854166671875 0.2509765625 0.3854166671875
4 0.5486328125 0.275520834375 0.5390625 0.29820601875 0.5390625 0.34489583437500004 0.541796875 0.353645834375 0.5470703078125 0.3546875 0.5509765625 0.3546875 0.55546875 0.34670138906250003 0.569140625 0.34670138906250003 0.576953125 0.353645834375 0.6140625 0.353645834375 0.619921875 0.34670138906250003 0.62578125 0.34670138906250003 0.6296875 0.3397569453125 0.6375 0.34322916718749996 0.639453125 0.3397569453125 0.653125 0.3397569453125 0.662890625 0.3328125 0.6736328125 0.29635416718749996 0.6755859375 0.282465278125 0.6736328125 0.25815972343750004 0.6609375 0.23211805624999998 0.6375 0.2147569453125 0.623828125 0.21128472343750002 0.621875 0.2147569453125 0.5984375 0.2147569453125 0.580859375 0.2217013890625 0.569140625 0.23559027812500002 0.559375 0.2564236109375 0.5486328125 0.2616319453125 0.5486328125 0.275520834375
4 0.41796875 0.24479166718749998 0.41796875 0.2760416671875 0.419921875 0.2795138890625 0.41796875 0.2829861109375 0.41796875 0.30381944375000003 0.419921875 0.3142361109375 0.4501953125 0.3125 0.4609375 0.29340277812500004 0.462890625 0.2795138890625 0.4677734375 0.2708333328125 0.4921875 0.25868055624999997 0.4921875 0.24131944375 0.484375 0.19618055625 0.4775390625 0.18402777812499999 0.4736328125 0.1875 0.4638671875 0.18055555625 0.4599609375 0.18402777812499999 0.4541015625 0.18055555625 0.4521484375 0.18402777812499999 0.4326171875 0.18402777812499999 0.427734375 0.18923611093749998 0.419921875 0.22395833281250002 0.419921875 0.24131944375 0.41796875 0.24479166718749998
4 0.3302734375 0.2171006953125 0.31875 0.2614872703125 0.31875 0.3143368046875 0.34296875 0.31605902656249996 0.356640625 0.323003471875 0.3771484375 0.32126736093749997 0.3830078125 0.30043402656249996 0.3791015625 0.2796006953125 0.383984375 0.2813368046875 0.3869140625 0.276128471875 0.390625 0.25633680625 0.390625 0.25008680625 0.3888671875 0.2032118046875 0.38203125 0.19453125 0.34296875 0.19453125 0.3302734375 0.2171006953125
4 0.8380859375 0.317621528125 0.841357421875 0.3234375 0.8423730468749999 0.3234375 0.844921875 0.315885415625 0.85859375 0.30894097343750004 0.89765625 0.30894097343750004 0.90546875 0.31935763906250003 0.91328125 0.301996528125 0.92109375 0.2985243046875 0.92890625 0.2985243046875 0.934765625 0.3124131953125 0.938671875 0.3124131953125 0.9416015625 0.3072048609375 0.9435546875 0.26206597343750004 0.9396484375 0.24817708437500002 0.930859375 0.23949652812500002 0.923046875 0.222135415625 0.915234375 0.21171875 0.903515625 0.2047743046875 0.8546875 0.21171875 0.8439453125 0.23081597343750002 0.8419921875 0.2412326390625 0.837109375 0.24296875 0.8302734375 0.255121528125 0.8283203125 0.29331597343750004 0.8380859375 0.310677084375 0.8380859375 0.317621528125
1 0.1162109375 0.3645833328125 0.1181640625 0.3611111109375 0.1298828125 0.3645833328125 0.1318359375 0.3611111109375 0.1455078125 0.3611111109375 0.150390625 0.36631944375000003 0.1630859375 0.36805555624999997 0.169921875 0.359375 0.173828125 0.3454861109375 0.169921875 0.230902778125 0.16796875 0.22048611093749998 0.1611328125 0.20833333281250002 0.1279296875 0.20833333281250002 0.12109375 0.21701388906250002 0.111328125 0.24826388906250002 0.109375 0.33159722187499996 0.111328125 0.33506944375000003 0.111328125 0.35243055624999997 0.1162109375 0.3645833328125
4 0.4580078125 0.1666666671875 0.4716796875 0.1666666671875 0.482421875 0.18576388906250002 0.48828125 0.19965277812499999 0.48828125 0.21354166718749998 0.49609375 0.234375 0.5009765625 0.22916666718749998 0.5166015625 0.23263888906250002 0.51953125 0.22048611093749998 0.521484375 0.15451388906250002 0.513671875 0.1232638890625 0.5072916671875001 0.1166666671875 0.5020833328125 0.1148148140625 0.48333333281249996 0.109259259375 0.471875 0.11296296406249999 0.4625 0.1111111109375 0.459375 0.1111111109375 0.458984375 0.1232638890625 0.455078125 0.140625 0.455078125 0.1614583328125 0.4580078125 0.1666666671875