4 0.7021484375 0.8333333328125001 0.705078125 0.8211805562500001 0.6982421875 0.815972221875 0.6884765625 0.8229166671874999 0.6669921875 0.7708333328125 0.6494140625 0.7604166671875 0.5849609375 0.7604166671875 0.5791015625 0.7638888890625 0.5546875 0.8072916671874999 0.548828125 0.887152778125 0.5537109375 0.90625 0.5615234375 0.902777778125 0.564453125 0.9079861109375 0.56640625 0.9392361109375 0.5712890625 0.9479166671874999 0.5751953125 0.9479166671874999 0.5810546875 0.9375 0.6708984375 0.934027778125 0.6904296875 0.9513888890625 0.697265625 0.949652778125 0.703125 0.9392361109375 0.705078125 0.8802083328125001 0.693359375 0.8420138890625 0.7021484375 0.8333333328125001
4 0.509765625 0.793402778125 0.509765625 0.7864583328125 0.5068359375 0.78125 0.4990234375 0.78125 0.4794921875 0.7326388890625 0.4033203125 0.7291666671875 0.390625 0.7482638890625 0.3779296875 0.78125 0.369140625 0.7864583328125 0.37890625 0.800347221875 0.375 0.828125 0.376953125 0.855902778125 0.3798828125 0.8611111109375 0.390625 0.862847221875 0.390625 0.8732638890625 0.38671875 0.8802083328125001 0.3896484375 0.8888888890625 0.4697265625 0.8958333328125001 0.4755859375 0.8923611109375 0.4912109375 0.8958333328125001 0.4951171875 0.902777778125 0.50390625 0.9010416671874999 0.505859375 0.8350694437499999 0.5 0.8072916671874999 0.5029296875 0.7986111109375 0.509765625 0.793402778125
4 0.384765625 0.9947916671874999 0.38671875 0.953125 0.37890625 0.8836805562500001 0.388671875 0.8663194437499999 0.3818359375 0.8645833328125001 0.376953125 0.8697916671874999 0.3671875 0.824652778125 0.359375 0.800347221875 0.3486328125 0.78125 0.2666015625 0.777777778125 0.2578125 0.793402778125 0.25 0.8489583328125001 0.2421875 0.8697916671874999 0.244140625 0.949652778125 0.255859375 0.9670138890625 0.255859375 0.987847221875 0.2607421875 1 0.263671875 0.9982638890625 0.3251953125 0.996527778125 0.3291015625 0.9895833328125001 0.3427734375 0.996527778125 0.384765625 0.9947916671874999
4 0.279296875 0.7552083328125 0.283203125 0.737847221875 0.2890625 0.734375 0.2890625 0.7204861109375 0.259765625 0.6579861109375 0.2470703125 0.6388888890625 0.2373046875 0.6354166671875 0.2314453125 0.6180555562500001 0.1904296875 0.6076388890625 0.1513671875 0.6111111109375 0.1337890625 0.6180555562500001 0.126953125 0.6267361109375 0.1171875 0.6614583328125 0.140625 0.668402778125 0.142578125 0.7586805562500001 0.1611328125 0.7743055562500001 0.1708984375 0.8020833328125001 0.1796875 0.800347221875 0.1845703125 0.7916666671875 0.2099609375 0.7951388890625 0.2568359375 0.7881944437499999 0.279296875 0.7552083328125
4 0.3515625 0.644097221875 0.3330078125 0.6111111109375 0.2666015625 0.6076388890625 0.2529296875 0.6111111109375 0.24609375 0.6267361109375 0.244140625 0.6336805562500001 0.265625 0.6649305562500001 0.2861328125 0.7118055562500001 0.2919921875 0.715277778125 0.2978515625 0.7083333328125 0.3095703125 0.7083333328125 0.314453125 0.7170138890625 0.314453125 0.7274305562500001 0.3271484375 0.75 0.365234375 0.7482638890625 0.3701171875 0.746527778125 0.375 0.734375 0.37109375 0.6961805562500001 0.3515625 0.644097221875
4 0.6220703125 0.6666666671875 0.625 0.6614583328125 0.625 0.6163194437499999 0.609375 0.574652778125 0.6005859375 0.5625 0.5361328125 0.559027778125 0.5283203125 0.565972221875 0.517578125 0.5920138890625 0.515625 0.6163194437499999 0.529296875 0.6267361109375 0.537109375 0.675347221875 0.53515625 0.6822916671875 0.5390625 0.6822916671875 0.5400390625 0.6770833328125 0.5693359375 0.6805555562500001 0.5791015625 0.6666666671875 0.6220703125 0.6666666671875
4 0.658203125 0.737847221875 0.662109375 0.7274305562500001 0.65625 0.7170138890625 0.65234375 0.6927083328125 0.6416015625 0.6736111109375 0.6357421875 0.6701388890625 0.5791015625 0.6701388890625 0.568359375 0.6857638890625 0.5595703125 0.722222221875 0.5478515625 0.71875 0.544921875 0.7239583328125 0.5478515625 0.7326388890625 0.5556640625 0.7326388890625 0.55859375 0.737847221875 0.552734375 0.7725694437499999 0.552734375 0.796875 0.560546875 0.796875 0.56640625 0.7795138890625 0.5810546875 0.7604166671875 0.6572265625 0.7604166671875 0.658203125 0.737847221875
4 0.1162109375 0.5833333328125 0.0478515625 0.5833333328125 0.029296875 0.612847221875 0.025390625 0.637152778125 0.025390625 0.6545138890625 0.0283203125 0.659722221875 0.115234375 0.6614583328125 0.125 0.6302083328125 0.1328125 0.6163194437499999 0.12890625 0.5989583328125 0.1162109375 0.5833333328125
1 0.4375 0.6788194437499999 0.435546875 0.6163194437499999 0.4267578125 0.597222221875 0.4130859375 0.590277778125 0.3642578125 0.590277778125 0.3544921875 0.597222221875 0.3515625 0.6336805562500001 0.375 0.703125 0.375 0.7239583328125 0.3779296875 0.7291666671875 0.39453125 0.7274305562500001 0.3994140625 0.722222221875 0.4267578125 0.7256944437499999 0.43359375 0.7170138890625 0.4375 0.6788194437499999
1 0.533203125 0.7204861109375 0.53125 0.637152778125 0.5263671875 0.625 0.5146484375 0.6180555562500001 0.4619140625 0.6180555562500001 0.453125 0.6302083328125 0.455078125 0.6649305562500001 0.451171875 0.671875 0.4453125 0.7204861109375 0.4794921875 0.7326388890625 0.5 0.765625 0.5029296875 0.7604166671875 0.5244140625 0.7604166671875 0.529296875 0.7517361109375 0.533203125 0.7204861109375
1 0.4951171875 0.6145833328125 0.498046875 0.609375 0.498046875 0.574652778125 0.4931640625 0.5625 0.4482421875 0.5555555562500001 0.4326171875 0.559027778125 0.427734375 0.5677083328125 0.42578125 0.5954861109375 0.435546875 0.6163194437499999 0.4375 0.6788194437499999 0.4404296875 0.684027778125 0.4453125 0.6822916671875 0.44921875 0.6788194437499999 0.453125 0.6302083328125 0.4580078125 0.6180555562500001 0.4951171875 0.6145833328125
4 0.396484375 0.5850694437499999 0.388671875 0.5538194437499999 0.3798828125 0.534722221875 0.3623046875 0.5243055562500001 0.3232421875 0.5243055562500001 0.3115234375 0.53125 0.298828125 0.5677083328125 0.3017578125 0.5729166671875 0.3095703125 0.5729166671875 0.3193359375 0.597222221875 0.3291015625 0.6006944437499999 0.3369140625 0.6180555562500001 0.349609375 0.6302083328125 0.3515625 0.605902778125 0.3564453125 0.59375 0.3896484375 0.590277778125 0.396484375 0.5850694437499999
4 0.453125 0.5329861109375 0.453125 0.519097221875 0.4453125 0.4982638890625 0.4384765625 0.4861111109375 0.4287109375 0.4791666671875 0.3798828125 0.4791666671875 0.3720703125 0.4861111109375 0.361328125 0.5086805562500001 0.36328125 0.519097221875 0.3681640625 0.527777778125 0.3779296875 0.53125 0.4013671875 0.5833333328125 0.421875 0.5885416671875 0.427734375 0.5642361109375 0.4365234375 0.5555555562500001 0.4462890625 0.5555555562500001 0.453125 0.5329861109375
4 0.541015625 0.550347221875 0.537109375 0.5329861109375 0.5244140625 0.5138888890625 0.5068359375 0.5069444437499999 0.4716796875 0.503472221875 0.4619140625 0.5138888890625 0.451171875 0.546875 0.4560546875 0.5555555562500001 0.4755859375 0.5555555562500001 0.4912109375 0.5625 0.498046875 0.574652778125 0.498046875 0.5920138890625 0.5048828125 0.597222221875 0.5087890625 0.6111111109375 0.513671875 0.609375 0.515625 0.5920138890625 0.5234375 0.581597221875 0.5234375 0.574652778125 0.541015625 0.550347221875
4 0.1064453125 0.5763888890625 0.1220703125 0.5833333328125 0.123046875 0.574652778125 0.130859375 0.5642361109375 0.1279296875 0.559027778125 0.1201171875 0.559027778125 0.1064453125 0.5208333328125 0.0419921875 0.5208333328125 0.03515625 0.5329861109375 0.03125 0.5572916671875 0.021484375 0.574652778125 0.0234375 0.637152778125 0.02734375 0.637152778125 0.029296875 0.612847221875 0.0478515625 0.5833333328125 0.0791015625 0.5763888890625 0.1064453125 0.5763888890625
4 0.03125 0.546875 0.0419921875 0.5208333328125 0.0498046875 0.5138888890625 0.0810546875 0.5173611109375 0.0908203125 0.5243055562500001 0.087890625 0.5052083328125 0.0751953125 0.4861111109375 0.0263671875 0.4895833328125 0.017578125 0.5052083328125 0.015625 0.5225694437499999 0.0078125 0.5329861109375 0.009765625 0.581597221875 0.015625 0.5954861109375 0.0234375 0.5885416671875 0.021484375 0.574652778125 0.02734375 0.5677083328125 0.03125 0.546875
4 0.150390625 0.5642361109375 0.150390625 0.5538194437499999 0.1552734375 0.5520833328125 0.1640625 0.5364583328125 0.1640625 0.5260416671875 0.1689453125 0.5173611109375 0.1796875 0.5260416671875 0.1796875 0.5329861109375 0.189453125 0.550347221875 0.1904296875 0.559027778125 0.21875 0.550347221875 0.21875 0.5364583328125 0.2080078125 0.49652777812500004 0.1904296875 0.4895833328125 0.1552734375 0.4895833328125 0.14453125 0.5017361109375 0.13671875 0.5329861109375 0.138671875 0.5364583328125 0.134765625 0.5642361109375 0.13671875 0.5954861109375 0.140625 0.5989583328125 0.1435546875 0.6145833328125 0.1484375 0.612847221875 0.15625 0.6024305562500001 0.158203125 0.5920138890625 0.158203125 0.574652778125 0.150390625 0.5642361109375
4 0.5478515625 0.5 0.541015625 0.48090277812500004 0.5283203125 0.46180555625 0.4833984375 0.46180555625 0.474609375 0.4739583328125 0.470703125 0.48784722187499996 0.4716796875 0.5 0.4814453125 0.5069444437499999 0.5244140625 0.5104166671875 0.5419921875 0.5451388890625 0.55078125 0.550347221875 0.548828125 0.512152778125 0.5517578125 0.5138888890625 0.5546875 0.5052083328125 0.5478515625 0.5
4 0.1259765625 0.40277777812500004 0.1318359375 0.40277777812500004 0.1396484375 0.4201388890625 0.1474609375 0.4270833328125 0.1513671875 0.4270833328125 0.1533203125 0.4236111109375 0.1630859375 0.4236111109375 0.1669921875 0.4201388890625 0.16796875 0.39409722187499996 0.16015625 0.36631944375000003 0.1552734375 0.3576388890625 0.1181640625 0.3576388890625 0.1142578125 0.3611111109375 0.109375 0.3732638890625 0.109375 0.3802083328125 0.1015625 0.39756944375000003 0.1015625 0.42881944375 0.1064453125 0.4375 0.109375 0.4357638890625 0.115234375 0.42881944375 0.115234375 0.42534722187499996 0.125 0.4079861109375 0.1259765625 0.40277777812500004
4 0.2783203125 0.43402777812500004 0.2314453125 0.43055555625 0.2158203125 0.4583333328125 0.208984375 0.4635416671875 0.216796875 0.484375 0.2216796875 0.5138888890625 0.2421875 0.515625 0.2626953125 0.46875 0.2890625 0.4670138890625 0.2890625 0.45659722187499996 0.2783203125 0.43402777812500004
4 0.39453125 0.4739583328125 0.38671875 0.4322916671875 0.3759765625 0.4236111109375 0.3525390625 0.4201388890625 0.3232421875 0.4236111109375 0.31640625 0.44618055625 0.31640625 0.4670138890625 0.3232421875 0.47222222187499996 0.3349609375 0.5 0.359375 0.5052083328125 0.3662109375 0.5 0.3740234375 0.4826388890625 0.3916015625 0.4791666671875 0.39453125 0.4739583328125
6 0.666015625 0.6336805562500001 0.662109375 0.6163194437499999 0.654296875 0.605902778125 0.654296875 0.5954861109375 0.6455078125 0.5868055562500001 0.6337890625 0.6006944437499999 0.626953125 0.6163194437499999 0.625 0.6614583328125 0.6279296875 0.6666666671875 0.6435546875 0.6701388890625 0.6572265625 0.6979166671875 0.66015625 0.6961805562500001 0.66796875 0.671875 0.66796875 0.6579861109375 0.6640625 0.6475694437499999 0.666015625 0.6336805562500001
4 0 0.48784722187499996 0.00390625 0.4947916671875 0.00390625 0.5017361109375 0.001953125 0.5052083328125 0.001953125 0.5329861109375 0.00390625 0.5364583328125 0.00390625 0.550347221875 0.005859375 0.550347221875 0.0078125 0.546875 0.009765625 0.5295138890625 0.015625 0.519097221875 0.01953125 0.4947916671875 0.0263671875 0.4861111109375 0.0732421875 0.4861111109375 0.07421875 0.47743055625 0.068359375 0.45659722187499996 0.0615234375 0.4479166671875 0.0185546875 0.4479166671875 0.0146484375 0.4513888890625 0.009765625 0.4704861109375 0.0048828125 0.4791666671875 0 0.48090277812500004 0 0.48784722187499996
1 0.47265625 0.47743055625 0.48046875 0.46006944375 0.48046875 0.453125 0.4755859375 0.44444444375 0.4697265625 0.44444444375 0.4677734375 0.44097222187499996 0.4384765625 0.44097222187499996 0.4365234375 0.44444444375 0.4326171875 0.44097222187499996 0.4306640625 0.44444444375 0.4267578125 0.44444444375 0.421875 0.453125 0.421875 0.4739583328125 0.4248046875 0.4791666671875 0.4326171875 0.4791666671875 0.4365234375 0.4826388890625 0.447265625 0.5017361109375 0.447265625 0.5052083328125 0.4501953125 0.5104166671875 0.4541015625 0.5138888890625 0.458984375 0.512152778125 0.46875 0.5017361109375 0.46875 0.4947916671875 0.47265625 0.484375 0.47265625 0.47743055625
4 0.1005859375 0.44097222187499996 0.1015625 0.4357638890625 0.0947265625 0.43402777812500004 0.091796875 0.42881944375 0.091796875 0.421875 0.0810546875 0.40625 0.0751953125 0.40277777812500004 0.0341796875 0.40277777812500004 0.02734375 0.41493055625 0.0224609375 0.43055555625 0.0166015625 0.43055555625 0.013671875 0.4357638890625 0.0205078125 0.44444444375 0.0498046875 0.44444444375 0.0517578125 0.4479166671875 0.0634765625 0.4479166671875 0.0703125 0.46006944375 0.0771484375 0.4861111109375 0.0830078125 0.4895833328125 0.08984375 0.48784722187499996 0.099609375 0.4670138890625 0.09765625 0.4635416671875 0.09765625 0.4427083328125 0.1005859375 0.44097222187499996
3 0.4140625 0.21701388906250002 0.412109375 0.21354166718749998 0.412109375 0.19618055625 0.4091796875 0.19097222187500001 0.4033203125 0.19097222187500001 0.3974609375 0.18055555625 0.3876953125 0.18055555625 0.3857421875 0.1770833328125 0.3564453125 0.1770833328125 0.3544921875 0.18055555625 0.3486328125 0.18055555625 0.34765625 0.18576388906250002 0.337890625 0.203125 0.337890625 0.22048611093749998 0.3359375 0.22395833281250002 0.337890625 0.22743055625 0.33984375 0.24826388906250002 0.3447265625 0.25347222187499996 0.3486328125 0.25 0.3681640625 0.246527778125 0.3701171875 0.24305555625 0.3720703125 0.246527778125 0.3876953125 0.246527778125 0.3916015625 0.25347222187499996 0.3984375 0.2517361109375 0.4033203125 0.246527778125 0.4072265625 0.246527778125 0.4140625 0.237847221875 0.4140625 0.21701388906250002
4 0.2646484375 0.559027778125 0.2490234375 0.5520833328125 0.1982421875 0.5555555562500001 0.181640625 0.5920138890625 0.1826171875 0.6041666671875 0.2216796875 0.6076388890625 0.2333984375 0.6145833328125 0.2373046875 0.6319444437499999 0.2421875 0.6302083328125 0.2509765625 0.6111111109375 0.275390625 0.6024305562500001 0.27734375 0.5885416671875 0.2646484375 0.559027778125
6 0.177734375 0.5329861109375 0.177734375 0.5225694437499999 0.1689453125 0.5173611109375 0.166015625 0.5329861109375 0.150390625 0.5572916671875 0.158203125 0.5711805562500001 0.1591796875 0.6041666671875 0.177734375 0.6024305562500001 0.18359375 0.574652778125 0.19140625 0.5607638890625 0.189453125 0.550347221875 0.177734375 0.5329861109375
4 0.2763671875 0.5381944437499999 0.287109375 0.512152778125 0.2958984375 0.503472221875 0.3251953125 0.503472221875 0.330078125 0.4982638890625 0.328125 0.484375 0.3134765625 0.46527777812500004 0.2685546875 0.46527777812500004 0.2578125 0.48090277812500004 0.248046875 0.5086805562500001 0.248046875 0.5399305562500001 0.2509765625 0.5451388890625 0.255859375 0.543402778125 0.2578125 0.5295138890625 0.2626953125 0.5243055562500001 0.2685546875 0.5243055562500001 0.2763671875 0.5381944437499999
4 0.1845703125 0.4548611109375 0.18359375 0.4357638890625 0.1689453125 0.4270833328125 0.1337890625 0.43055555625 0.125 0.44618055625 0.119140625 0.4739583328125 0.12109375 0.5225694437499999 0.125 0.5225694437499999 0.130859375 0.512152778125 0.138671875 0.4704861109375 0.1455078125 0.4583333328125 0.1845703125 0.4548611109375