3 0.51953125 0.891257440625 0.517578125 0.8280133921875 0.521484375 0.8056919625000001 0.517578125 0.8019717265624999 0.517578125 0.7796502984375 0.5283203125 0.774069940625 0.533203125 0.8019717265624999 0.5439453125 0.8075520828125 0.548828125 0.79453125 0.548828125 0.772209821875 0.552734375 0.7647693453125 0.5546875 0.656882440625 0.546875 0.5155133937499999 0.5361328125 0.5024925578125 0.5009765625 0.49877232187500004 0.4619140625 0.49877232187500004 0.4326171875 0.5062127984375 0.392578125 0.5936383937499999 0.388671875 0.615959821875 0.3828125 0.7015252984375 0.384765625 0.8838169625000001 0.3876953125 0.893117559375 0.3955078125 0.893117559375 0.4072265625 0.8782366078124999 0.4833984375 0.8782366078124999 0.50932999375 0.9203125 0.5137337234375 0.9203125 0.515625 0.8986979171874999 0.51953125 0.891257440625
3 0.4228515625 0.4985119046875 0.50390625 0.5003720234375 0.505859375 0.46688988125 0.501953125 0.43340773749999995 0.4609375 0.31436011875 0.4541015625 0.3050595234375 0.3740234375 0.30133928593750003 0.3466796875 0.3050595234375 0.34375 0.31063988125 0.337890625 0.3999255953125 0.3359375 0.5003720234375 0.341796875 0.5338541671875 0.341796875 0.571056546875 0.34765625 0.6343005953125 0.35546875 0.6566220234375 0.357421875 0.6752232140625 0.357421875 0.7087053578125 0.3662109375 0.7254464281249999 0.376953125 0.723586309375 0.3828125 0.7161458328125 0.3828125 0.62686011875 0.388671875 0.5636160718750001 0.388671875 0.522693453125 0.3935546875 0.50595238125 0.4228515625 0.4985119046875
3 0.1181640625 0.4389880953125 0.1240234375 0.4389880953125 0.125 0.448288690625 0.1357421875 0.46502976250000005 0.1416015625 0.45758928593750003 0.1533203125 0.46502976250000005 0.1572265625 0.45758928593750003 0.1630859375 0.4613095234375 0.16796875 0.452008928125 0.1640625 0.44456845312500004 0.1640625 0.4222470234375 0.1748046875 0.3980654765625 0.185546875 0.3850446421875 0.185546875 0.336681546875 0.1796875 0.29575892812500004 0.171875 0.288318453125 0.171875 0.2659970234375 0.1640625 0.2287946421875 0.1552734375 0.21205357187499999 0.0634765625 0.20833333281250002 0.060546875 0.213913690625 0.056640625 0.3515625 0.05078125 0.36272321406249997 0.05078125 0.3813244046875 0.056640625 0.3999255953125 0.05859375 0.4780505953125 0.0625 0.49293154687499996 0.064453125 0.4817708328125 0.0771484375 0.45758928593750003 0.0986328125 0.45386904687499996 0.1044921875 0.446428571875 0.1162109375 0.450148809375 0.1181640625 0.4389880953125
3 0.21875 0.135788690625 0.216796875 0.2250744046875 0.2255859375 0.2380952375 0.2470703125 0.24181547656250002 0.2568359375 0.252976190625 0.2783203125 0.252976190625 0.2841796875 0.2604166671875 0.2958984375 0.2604166671875 0.3017578125 0.27157738125 0.306640625 0.2697172625 0.306640625 0.0837053578125 0.2919921875 0.0669642859375 0.2646484375 0.063244046875 0.2412109375 0.07068452343750001 0.228515625 0.094866071875 0.21875 0.135788690625
3 0.1376953125 0.0260416671875 0.0849609375 0.0297619046875 0.080078125 0.0502232140625 0.078125 0.172991071875 0.0908203125 0.1822916671875 0.1025390625 0.20833333281250002 0.134765625 0.2064732140625 0.1435546875 0.19345238125 0.1552734375 0.19717261875 0.1640625 0.176711309375 0.162109375 0.0874255953125 0.15234375 0.0353422625 0.1376953125 0.0260416671875
7 0.26171875 0.645461309375 0.265625 0.6082589281249999 0.263671875 0.49293154687499996 0.2568359375 0.4761904765625 0.1728515625 0.47247023749999995 0.1259765625 0.4761904765625 0.1162109375 0.48363095312500004 0.109375 0.49665178593750003 0.087890625 0.5859375 0.087890625 0.7198660718750001 0.08984375 0.77938988125 0.09375 0.801711309375 0.08984375 0.8203125 0.087890625 0.879836309375 0.08203125 0.8984375 0.080078125 0.9281994046875001 0.0859375 0.991443453125 0.0888671875 0.997023809375 0.244140625 0.995163690625 0.2529296875 0.9933035718750001 0.2578125 0.9765625 0.265625 0.86123511875 0.265625 0.8240327375 0.26171875 0.7979910718750001 0.26171875 0.645461309375
4 0.837109375 0.5128348234375 0.8166015625 0.544456846875 0.7931640625 0.5965401781249999 0.7892578125 0.61514136875 0.7931640625 0.6672247015625 0.798046875 0.676525296875 0.8458984375 0.67838541875 0.852050771875 0.6796875 0.8553320328125 0.6796875 0.8654296875 0.6709449421875 0.8654296875 0.6486235109375 0.8732421875 0.633742559375 0.878125 0.6095610109375 0.8859375 0.6058407734375 0.89375 0.6244419640625 0.8986328125 0.61514136875 0.8966796875 0.5890997015625 0.9025390625 0.5407366062500001 0.9109375 0.5343377984375 0.9109375 0.5232514890625 0.90546875 0.5128348234375 0.837109375 0.5128348234375
4 0.2775390625 0.43303571406249997 0.26875 0.46465773906249996 0.2599609375 0.4702380953125 0.2677734375 0.481398809375 0.2580078125 0.518601190625 0.2580078125 0.5669642859375 0.26140625 0.5734375 0.2634375015625 0.5734375 0.2765625 0.5651041671875 0.282421875 0.5502232140625 0.290234375 0.553943453125 0.298046875 0.5688244046875 0.3234375 0.5688244046875 0.3263671875 0.5632440484375 0.3283203125 0.440476190625 0.3328125 0.42906746093750003 0.3328125 0.41629464374999997 0.290234375 0.41629464374999997 0.2775390625 0.43303571406249997
4 0.2197265625 0.2453125 0.208984375 0.265773809375 0.203125 0.3513392859375 0.20697265625 0.3953125 0.20914062812499998 0.3953125 0.2421875 0.38482142812500003 0.244140625 0.377380953125 0.240234375 0.35505952343749997 0.25 0.3104166671875 0.2548828125 0.301116071875 0.2578125 0.30669642812500003 0.255859375 0.32529761874999996 0.2626953125 0.3308779765625 0.265625 0.32529761874999996 0.265625 0.2732142859375 0.2587890625 0.2453125 0.2197265625 0.2453125
6 0.353515625 0.8909970234375001 0.33984375 0.8500744046875001 0.3349609375 0.840773809375 0.3291015625 0.840773809375 0.322265625 0.85751488125 0.32421875 0.8686755953124999 0.314453125 0.8984375 0.3046875 0.9058779765624999 0.306640625 0.93563988125 0.3095703125 0.9412202375 0.314453125 0.93936011875 0.310546875 0.995163690625 0.3154296875 1 0.34765625 0.9988839281249999 0.353515625 0.9877232140625001 0.353515625 0.961681546875 0.349609375 0.9430803578125 0.357421875 0.93563988125 0.357421875 0.917038690625 0.353515625 0.8909970234375001
7 0.4716796875 0.0483630953125 0.466796875 0.07998511875 0.466796875 0.1469494046875 0.490234375 0.2064732140625 0.490234375 0.24739583281250002 0.4951171875 0.25669642812500004 0.5537109375 0.25669642812500004 0.5625 0.2734375 0.572265625 0.2436755953125 0.568359375 0.0725446421875 0.5595703125 0.063244046875 0.5458984375 0.059523809375 0.4853515625 0.059523809375 0.4716796875 0.0483630953125
1 1 0.41852678593750003 0.9833984375 0.40550595312500004 0.9404296875 0.412946428125 0.935546875 0.42596726250000005 0.931640625 0.485491071875 0.93359375 0.5078125 0.9462890625 0.5394345234375 0.96875 0.5412946421875 0.9716796875 0.5208333328125 0.9853515625 0.5208333328125 0.990234375 0.5040922625 0.994140625 0.46688988125 1 0.448288690625 1 0.41852678593750003
1 0.9130859375 0.446428571875 0.9189453125 0.450148809375 0.92578125 0.47061011875 0.92578125 0.485491071875 0.9287109375 0.487351190625 0.935546875 0.42596726250000005 0.947265625 0.407366071875 0.947265625 0.3962053578125 0.9287109375 0.375744046875 0.9169921875 0.372023809375 0.8818359375 0.375744046875 0.875 0.39248511875 0.873046875 0.448288690625 0.869140625 0.46688988125 0.869140625 0.5040922625 0.8759765625 0.5171130953125 0.87890625 0.5152529765625 0.88671875 0.5003720234375 0.884765625 0.47061011875 0.8955078125 0.43154761875 0.9013671875 0.43154761875 0.9072265625 0.45386904687499996 0.9130859375 0.446428571875
4 0.413671875 0.18582589375 0.390234375 0.18210565625 0.38046875 0.18582589375 0.3736328125 0.198846725 0.3755859375 0.243489584375 0.3794921875 0.25837053593750003 0.3755859375 0.2732514890625 0.3755859375 0.2918526796875 0.3789257703125 0.2921875 0.39506460312499997 0.2921875 0.4087890625 0.26953125 0.4171875 0.2343377984375 0.4171875 0.20256696562499998 0.4166015625 0.1914062515625 0.413671875 0.18582589375
4 0.8349609375 0.178571428125 0.8466796875 0.178571428125 0.84765625 0.1692708328125 0.8447265625 0.1636904765625 0.8212890625 0.15625 0.7958984375 0.1599702375 0.7529296875 0.2008928578125 0.75 0.21019345312499998 0.7568359375 0.2232142859375 0.7666015625 0.2232142859375 0.7978515625 0.2455357140625 0.814453125 0.2436755953125 0.81640625 0.2287946421875 0.810546875 0.213913690625 0.818359375 0.18415178593749998 0.8212890625 0.178571428125 0.8271484375 0.1897321421875 0.8349609375 0.178571428125
1 0.6419921875 0.2866071421875 0.633203125 0.2959077375 0.6341796875 0.3014880953125 0.648828125 0.3033482140625 0.65078125 0.4186755953125 0.6828125 0.4114977234375 0.6828125 0.304836309375 0.6751953125 0.29032738125 0.6419921875 0.2866071421875
7 0.91796875 0.266071428125 0.9140625 0.2549107140625 0.9228515625 0.227008928125 0.935546875 0.24375 0.9375 0.2921130953125 0.943359375 0.2921130953125 0.9453125 0.262351190625 0.9384765625 0.20840773750000002 0.8798828125 0.2046875 0.8603515625 0.2158482140625 0.85546875 0.22514880937499998 0.8515625 0.24747023750000002 0.8515625 0.306994046875 0.8544921875 0.3125744046875 0.8662109375 0.3125744046875 0.8720703125 0.2976934515625 0.8759765625 0.2976934515625 0.8818359375 0.31629464218750003 0.8955078125 0.31629464218750003 0.8984375 0.321875 0.9091015640625001 0.3234375 0.911254340625 0.3234375 0.91796875 0.306994046875 0.91796875 0.266071428125