3 0.826953125 0.23241631406250002 0.8015625 0.2358916265625 0.787890625 0.22894100312500001 0.71953125 0.2254656921875 0.721484375 0.21851506875 0.70390625 0.22199037968750002 0.6296875 0.21156444687499998 0.6267578125 0.220252725 0.6365234375 0.244579903125 0.63359375 0.249792871875 0.61015625 0.246317559375 0.6015625 0.2684050953125 0.6015625 0.32818044999999996 0.61015625 0.33667565625 0.63359375 0.3297250328125 0.64921875 0.3332003453125 0.662890625 0.35405221249999996 0.71953125 0.35405221249999996 0.73125 0.3436262796875 0.783984375 0.347101590625 0.80546875 0.36100283593750004 0.8139543874999999 0.3828125 0.8183101562499999 0.3828125 0.8220703125 0.36274049062499997 0.830859375 0.347101590625 0.881640625 0.347101590625 0.8845703125 0.341888621875 0.8865234375 0.2758577078125 0.8921875 0.24562249687499998 0.8921875 0.244232371875 0.889453125 0.2393669375 0.826953125 0.23241631406250002
3 0.4599609375 0.3683830078125 0.4892578125 0.36143238437499997 0.5361328125 0.3649076953125 0.5498046875 0.389234875 0.5615234375 0.389234875 0.5732421875 0.37185831875 0.607421875 0.345793484375 0.6015625 0.248484765625 0.5751953125 0.2397964859375 0.4638671875 0.2467471078125 0.3857421875 0.236321175 0.37890625 0.297139125 0.37890625 0.3631700390625 0.380859375 0.3874972203125 0.3876953125 0.4031361203125 0.390625 0.401398465625 0.3916015625 0.3961854984375 0.4052734375 0.399660809375 0.4072265625 0.389234875 0.4267578125 0.3753336296875 0.4541015625 0.3753336296875 0.4599609375 0.3683830078125
3 0.23828125 0.422250334375 0.2412109375 0.4274633 0.263671875 0.418775021875 0.263671875 0.27628725625 0.265625 0.2554353875 0.275390625 0.2415341421875 0.1982421875 0.2119939953125 0.1181640625 0.2119939953125 0.111328125 0.22415758437500002 0.111328125 0.37012066250000003 0.1240234375 0.37880894062500003 0.126953125 0.35274410624999997 0.1396484375 0.323203959375 0.1484375 0.35274410624999997 0.1484375 0.4152997125 0.1611328125 0.420512678125 0.1689453125 0.4066114328125 0.1787109375 0.4066114328125 0.1904296875 0.41356205468749996 0.197265625 0.43615157968749996 0.20703125 0.44657751250000005 0.21875 0.43267626718749996 0.212890625 0.397923153125 0.2236328125 0.3579570734375 0.2275390625 0.3579570734375 0.23828125 0.3805465984375 0.23828125 0.422250334375
3 0.1734375 0.163338246875 0.1685546875 0.175501834375 0.1822265625 0.196353703125 0.18599930468749998 0.2265625 0.1915398515625 0.2265625 0.2125 0.22241853906250003 0.2203125 0.20504198125 0.2359375 0.20504198125 0.24375 0.1946160484375 0.2703125 0.1832074375 0.2703125 0.18162263750000002 0.22421875 0.15986293437500002 0.1734375 0.163338246875
3 0.2294921875 0.107734653125 0.1884765625 0.107734653125 0.1591796875 0.1181605875 0.154296875 0.17897853749999998 0.169921875 0.17897853749999998 0.2099609375 0.1598643234375 0.2431640625 0.1598643234375 0.24609375 0.15465135624999998 0.24609375 0.1198982421875 0.2431640625 0.11120996406250001 0.2294921875 0.107734653125
4 0.3828125 0.8735873937499999 0.3828125 0.874841528125 0.3865234375 0.8880477109375 0.3865234375 0.9575539375 0.3943359375 0.971455184375 0.3943359375 0.9888317390625 0.3982421875 0.9957823625 0.4332437265625 0.996875 0.454311396875 0.996875 0.4724609375 0.9679798703125 0.48125 0.9419150359374999 0.4890625 0.9419150359374999 0.4958984375 0.9888317390625 0.5094593734374999 0.996875 0.5106677078125 0.996875 0.5154296875 0.971455184375 0.5154296875 0.9401773796875 0.5076171875 0.8741464656250001 0.510546875 0.868933496875 0.51640625 0.8758841203125 0.5171875 0.8717137453125 0.5171875 0.8703236203125 0.514453125 0.8654581859375 0.5046875 0.868933496875 0.4978515625 0.8567699062499999 0.48125 0.8063778921875 0.4245781046875 0.803125 0.420203128125 0.803125 0.405078125 0.8098532031250001 0.3828125 0.8735873937499999
4 0.1 0.705982303125 0.1 0.778401171875 0.1025390625 0.7889429484375 0.11328125 0.794155915625 0.11328125 0.8150077843749999 0.1171875 0.8219584062499999 0.12300625312499999 0.8234375 0.124277734375 0.8234375 0.1376953125 0.8097948171875 0.1962890625 0.813270128125 0.201171875 0.8045818515625 0.205078125 0.7802546703125001 0.2125 0.7670484859375 0.2125 0.7611404562499999 0.208984375 0.7142237546875 0.2125 0.7079681953125 0.2125 0.7070414453125 0.201171875 0.7003225093750001 0.193359375 0.6690447046875 0.1845703125 0.6534058046875 0.1271484375 0.65 0.1259040171875 0.65 0.11328125 0.6620940828124999 0.1 0.705982303125
4 0.1841796875 0.54207768125 0.1626953125 0.53512705625 0.1333984375 0.5386023703125 0.128515625 0.5472906484375 0.125 0.6598907390625001 0.125 0.6703125 0.129328546875 0.6703125 0.1373046875 0.649812334375 0.20078125 0.648074678125 0.20078125 0.616796875 0.20625 0.60057875625 0.20625 0.59900328125 0.196875 0.5889943859375 0.1841796875 0.54207768125
3 0.3890625 0.137333184375 0.391015625 0.20683941250000001 0.4037109375 0.20162644531249999 0.4193359375 0.20162644531249999 0.42455078281249997 0.2078125 0.4324999890625 0.2078125 0.4583984375 0.20510175625 0.459375 0.158185053125 0.4623046875 0.1529720859375 0.4857421875 0.1529720859375 0.4890625 0.14706405625000002 0.4890625 0.1264902140625 0.48595535781250004 0.11875 0.4351980453125 0.11875 0.3919921875 0.1321202171875 0.3890625 0.137333184375
1 0.503515625 0.672349034375 0.51328125 0.64454654375 0.5201171875 0.639333575 0.526953125 0.648021853125 0.526953125 0.6827749671875 0.5328125 0.7140527703124999 0.540625 0.7175280796875 0.546484375 0.6862502796875 0.546484375 0.630645296875 0.542578125 0.60284280625 0.54453125 0.5819909375 0.5357421875 0.562876725 0.4849609375 0.562876725 0.478125 0.5715650015625 0.472265625 0.6966762125 0.47606093749999995 0.7203125 0.48083125937500004 0.7203125 0.499609375 0.7175280796875 0.503515625 0.672349034375
1 0.501953125 0.4848059390625 0.5 0.4570034484375 0.4912109375 0.4448398578125 0.4482421875 0.4448398578125 0.431640625 0.46742938125 0.431640625 0.5647381 0.4453125 0.5994912140624999 0.453125 0.6029665265624999 0.4638671875 0.5838523125 0.4736328125 0.5838523125 0.4814453125 0.5630004453125 0.4921875 0.5577874765625 0.494140625 0.51260843125 0.501953125 0.4848059390625
1 0.5560546875 0.4518321828125 0.54921875 0.4605204609375 0.5453125 0.585631671875 0.5482421875 0.59431995 0.5599609375 0.5977952625 0.56484375 0.616909475 0.5716796875 0.6186471296875 0.5775390625 0.5977952625 0.5873046875 0.5977952625 0.5951171875 0.583894015625 0.60625 0.59456055 0.60625 0.467371790625 0.6009765625 0.4553074953125 0.5560546875 0.4518321828125
1 0.65 0.7075539375 0.65 0.6867020703125 0.65390625 0.6867020703125 0.6587890625 0.712766903125 0.6666015625 0.657161921875 0.6744140625 0.657161921875 0.6822265625 0.6745384796875 0.6890625 0.6693255109375 0.6939453125 0.6467359890625 0.6978515625 0.6467359890625 0.702734375 0.655424265625 0.702734375 0.6693255109375 0.710546875 0.672800825 0.7125 0.61024521875 0.7056640625 0.580705071875 0.6587890625 0.5772297609375 0.64609375 0.596343975 0.6421875 0.6310970859375 0.6421875 0.697128003125 0.64609375 0.711029246875 0.6421875 0.7284058046874999 0.64609375 0.731881115625 0.6421875 0.7457823625 0.6477140593749999 0.746875 0.6512072453125 0.746875 0.6578125 0.7284058046874999 0.65 0.7075539375
1 0.76201171875 0.552524465625 0.69169921875 0.552524465625 0.67802734375 0.5594750875 0.66923828125 0.575113990625 0.66728515625 0.630718971875 0.68193359375 0.649833184375 0.69365234375 0.649833184375 0.7101797140625 0.7 0.72405234375 0.7 0.72783203125 0.693274578125 0.72587890625 0.637669596875 0.72978515625 0.595965859375 0.74248046875 0.5768516453125 0.7703125 0.5768516453125 0.7703125 0.5638192265625 0.76982421875 0.5594750875 0.76201171875 0.552524465625
1 0.19853515625 0.5053839531250001 0.16240234375 0.49322036249999995 0.11748046875 0.5001709859375 0.12138671875 0.5383994109375 0.16240234375 0.5349240984375 0.17705078125 0.5436123765625 0.18876953125 0.5887914265624999 0.19560546875 0.5835784578125 0.19853515625 0.5922667359375 0.19853515625 0.60616798125 0.19267578125 0.6200692265625001 0.1945588875 0.646875 0.1986340078125 0.646875 0.203125 0.60159215625 0.203125 0.543612378125 0.20244140625 0.5192851984375 0.19853515625 0.5053839531250001
1 0.7357421875 0.5823454171875 0.7357421875 0.5719194812499999 0.7240234375 0.5336910578125 0.71328125 0.5215274671875 0.69375 0.51805215625 0.691796875 0.5145768453125 0.672265625 0.5145768453125 0.6703125 0.5111015328125 0.637109375 0.5111015328125 0.6283203125 0.5267404359375 0.63125 0.5319534015625 0.687890625 0.5319534015625 0.695703125 0.5354287125 0.7044921875 0.547592303125 0.7064453125 0.564968859375 0.7220703125 0.59277135 0.72482031875 0.59375 0.7278062484375 0.59375 0.730859375 0.5910336953125 0.7357421875 0.5823454171875