3 1 0.4357638890625 0.9990234375 0.1145833328125 0.7021484375 0.12847222187500001 0.6396484375 0.14236111093749998 0.61328125 0.171875 0.580078125 0.3697916671875 0.5849609375 0.43055555625 0.6357421875 0.4479166671875 0.7001953125 0.5486111109375 0.7587890625 0.59375 0.939453125 0.6475694437499999 0.947265625 0.637152778125 0.94921875 0.5295138890625 0.9765625 0.49131944375 0.984375 0.4635416671875 0.978515625 0.44965277812500004 1 0.4357638890625
3 0.4875 0.10381944531250001 0.4123046875 0.12291666718750001 0.4357421875 0.23055555625 0.4533203125 0.41805555625 0.5037108921875 0.41875 0.5802734375 0.41875 0.6134765625 0.383333334375 0.615625 0.3069444453125 0.615625 0.223705809375 0.606640625 0.11770833437499999 0.4875 0.10381944531250001
3 0.2392578125 0.22569444375 0.3408203125 0.25 0.359375 0.3142361109375 0.373046875 0.32118055624999997 0.3955078125 0.2604166671875 0.41015625 0.26909722187499996 0.4208984375 0.1111111109375 0.2646484375 0.097222221875 0.2421875 0.112847221875 0.2392578125 0.22569444375
4 0.5890625 0.44444444375 0.55 0.47222222187499996 0.5109375 0.5451388890625 0.4337890625 0.612847221875 0.4474609375 0.6475694437499999 0.4240234375 0.6649305562500001 0.430859375 0.7083333328125 0.45234375 0.71875 0.454296875 0.6979166671875 0.47578125 0.7013888890625 0.4923828125 0.7100694437499999 0.4953125 0.7361111109375 0.5353515625 0.7447916671875 0.5529296875 0.7135416671875 0.5548828125 0.644097221875 0.5978515625 0.6302083328125 0.6115234375 0.5225694437499999 0.6359375 0.4583333328125 0.6701171875 0.47743055625 0.6876953125 0.5572916671875 0.70625 0.5833333328125 0.7306640625 0.5399305562500001 0.7375 0.49652777812500004 0.766796875 0.5 0.7765625 0.4763257578125 0.7765625 0.47286821718749994 0.735546875 0.4270833328125 0.5890625 0.44444444375
6 0.439453125 0.9213541671875 0.421875 0.8831597234374999 0.421875 0.8241319453125 0.375 0.74774305625 0.3720703125 0.704340278125 0.3505859375 0.697395834375 0.30859375 0.7546875 0.3095703125 0.7737847234374999 0.345703125 0.782465278125 0.34375 0.81024305625 0.3642578125 0.8848958343750001 0.3359375 0.8831597234374999 0.32421875 0.81024305625 0.3037109375 0.7737847234374999 0.2412109375 0.7460069453125 0.203125 0.7685763890625 0.203125 0.8831597234374999 0.2294921875 0.9404513890624999 0.3525390625 0.9717013890624999 0.3896484375 0.9335069453125 0.41385323593749995 0.99375 0.41500000156250005 0.99375 0.4453125 0.9769097234374999 0.439453125 0.9213541671875
6 0.7451171875 0.847222221875 0.6806640625 0.8923611109375 0.6494140625 0.8541666671874999 0.5908203125 0.8298611109375 0.611328125 0.9010416671874999 0.5869140625 0.902777778125 0.533203125 0.9947916671874999 0.77734375 0.9982638890625 0.79296875 0.987847221875 0.794921875 0.956597221875 0.779296875 0.921875 0.779296875 0.8767361109375 0.7646484375 0.8541666671874999 0.7451171875 0.847222221875
6 0 0.9045138890625 0.01953125 0.9114583328125001 0.0615234375 0.875 0.1025390625 0.878472221875 0.125 0.859375 0.1396484375 0.6875 0.1083984375 0.6805555562500001 0.0458984375 0.7256944437499999 0 0.7204861109375 0 0.9045138890625
6 0.21484375 0.9982638890625 0.1669921875 0.96875 0.158203125 0.9045138890625 0.1298828125 0.8680555562500001 0 0.9392361109375 0.0009765625 1 0.21484375 0.9982638890625
6 0.0341796875 0.3333333328125 0.01953125 0.3420138890625 0.001953125 0.39756944375000003 0.009765625 0.546875 0.0146484375 0.527777778125 0.0439453125 0.5381944437499999 0.052734375 0.4982638890625 0.07421875 0.4739583328125 0.06640625 0.39756944375000003 0.0341796875 0.3333333328125
6 0.197265625 0.42534722187499996 0.1552734375 0.34375 0.126953125 0.44618055625 0.134765625 0.484375 0.130859375 0.5989583328125 0.138671875 0.5989583328125 0.1591796875 0.5625 0.1787109375 0.5625 0.1943359375 0.597222221875 0.201171875 0.5572916671875 0.21484375 0.543402778125 0.197265625 0.42534722187499996
6 0.2591796875 0.45659722187499996 0.2630859375 0.48784722187499996 0.2515625 0.5185763890625 0.2515625 0.522685184375 0.2572171125 0.6265625 0.257303659375 0.6265625 0.2865234375 0.5607638890625 0.2953125 0.5 0.3177734375 0.512152778125 0.320703125 0.559027778125 0.336328125 0.5555555562500001 0.346875 0.5299873734375 0.346875 0.4772222234375 0.3275390625 0.45659722187499996 0.3275390625 0.41493055625 0.3090406015625 0.3578125 0.3069335953125 0.3578125 0.2884765625 0.359375 0.2591796875 0.45659722187499996