3 0.509765625 0.7100694437499999 0.513671875 0.703125 0.515625 0.6510416671875 0.53125 0.6197916671875 0.533203125 0.5954861109375 0.533203125 0.3072916671875 0.529296875 0.26215277812500004 0.53125 0.15798611093749998 0.4794921875 0.125 0.4287109375 0.10069444375 0.3623046875 0.09375 0.3095703125 0.097222221875 0.2177734375 0.1145833328125 0.1611328125 0.14236111093749998 0.1435546875 0.16319444375 0.126953125 0.19965277812499999 0.12109375 0.24826388906250002 0.111328125 0.2829861109375 0.1015625 0.36284722187499996 0.080078125 0.453125 0.07421875 0.515625 0.07421875 0.5572916671875 0.068359375 0.574652778125 0.06640625 0.612847221875 0.06640625 0.6614583328125 0.076171875 0.7135416671875 0.076171875 0.730902778125 0.0712890625 0.746527778125 0.0556640625 0.75 0.052734375 0.7552083328125 0.0546875 0.793402778125 0.0673828125 0.8125 0.1201171875 0.840277778125 0.1337890625 0.8506944437499999 0.1357421875 0.8576388890625 0.1552734375 0.8541666671874999 0.2177734375 0.871527778125 0.2548828125 0.8888888890625 0.3330078125 0.8958333328125001 0.3544921875 0.902777778125 0.4072265625 0.8993055562500001 0.4208984375 0.8888888890625 0.427734375 0.8663194437499999 0.4345703125 0.8611111109375 0.453125 0.890625 0.4560546875 0.902777778125 0.474609375 0.9045138890625 0.482421875 0.8975694437499999 0.490234375 0.8697916671874999 0.498046875 0.8211805562500001 0.5 0.769097221875 0.51171875 0.730902778125 0.509765625 0.7100694437499999
3 0.9171875 0.7521701375000001 0.91328125 0.6445312484375 0.940625 0.5959201375000001 0.938671875 0.568142359375 0.9298828125 0.5629340265625 0.9259765625 0.5490451375000001 0.8830078125 0.552517359375 0.8732421875 0.5594618046875001 0.8439453125 0.5907118046875001 0.8400390625 0.608072915625 0.8087890625 0.639322915625 0.801953125 0.6757812484375 0.8 0.7278645828125 0.8029296875 0.740017359375 0.8263671875 0.7469618046875001 0.833203125 0.755642359375 0.8380859375 0.7747395828125 0.8458984375 0.771267359375 0.8556640625 0.7539062484375 0.8849609375 0.7539062484375 0.895703125 0.7660590265625 0.89765625 0.786892359375 0.9031347656250001 0.803125 0.904573565625 0.803125 0.91328125 0.7938368046875001 0.9171875 0.7521701375000001
3 0.7140625 0.36805555624999997 0.70234375 0.375 0.6935546875 0.4045138890625 0.6935546875 0.4322916671875 0.6994140625 0.4704861109375 0.7048828140625 0.471875 0.7065234375 0.471875 0.719921875 0.4548611109375 0.731640625 0.4548611109375 0.7375 0.46180555625 0.74140625 0.4583333328125 0.747265625 0.46527777812500004 0.7609375 0.4513888890625 0.76875 0.4513888890625 0.778515625 0.4375 0.7796875 0.43263888906250003 0.7796875 0.37465277812500003 0.7755859375 0.3454861109375 0.769205728125 0.340625 0.737044271875 0.340625 0.723828125 0.35069444375000003 0.7140625 0.36805555624999997
7 0.81875 0.64375 0.82265625 0.6194444453125 0.8138671875 0.58993055625 0.7611328125 0.586458334375 0.7337890625 0.600347221875 0.709375 0.64375 0.709375 0.678472221875 0.71328125 0.69930555625 0.723046875 0.70625 0.711328125 0.7444444453125 0.709375 0.827777778125 0.7416015625 0.8295138890624999 0.750390625 0.8416666671874999 0.7572265625 0.881597221875 0.7826171875 0.881597221875 0.79185546875 0.8890625 0.7981445328125 0.8890625 0.8001953125 0.8885416671874999 0.805078125 0.8798611109375001 0.805078125 0.8625 0.81484375 0.8416666671874999 0.816796875 0.796527778125 0.820703125 0.7861111109375 0.825 0.7504629625 0.825 0.6819444453125 0.824609375 0.66805555625 0.81875 0.64375
4 0.7294921875 0.8888888890625 0.6884765625 0.8888888890625 0.6796875 0.9010416671874999 0.6640625 0.9461805562500001 0.6640625 0.9947916671874999 0.6669921875 1 0.767578125 0.9982638890625 0.767578125 0.987847221875 0.76171875 0.9739583328125001 0.765625 0.953125 0.7587890625 0.9548611109375 0.748046875 0.9149305562500001 0.7294921875 0.8888888890625
1 0.834765625 0.8337673593750001 0.82890625 0.8302951390625 0.79765625 0.8302951390625 0.791796875 0.8337673593750001 0.7810546875 0.8563368046875001 0.7796875 0.8709201390624999 0.7796875 0.8782118046875 0.78203125 0.8823784703124999 0.799609375 0.8823784703124999 0.8064453125 0.8945312484375 0.8142578125 0.9743923593750001 0.8173339937499999 0.975 0.8244895218750001 0.975 0.846875 0.9574895812499999 0.846875 0.9462673593750001 0.8416015625 0.8493923593750001 0.834765625 0.8337673593750001
1 0.8203125 0.894097221875 0.814453125 0.9947916671874999 0.8173828125 1 0.826171875 0.9982638890625 0.8759765625 0.996527778125 0.884765625 0.984375 0.884765625 0.9114583328125001 0.8740234375 0.8854166671874999 0.8291015625 0.8819444437499999 0.8203125 0.894097221875
1 0.9029296875 0.7948784718749999 0.8755859375 0.79835069375 0.8609375 0.820920140625 0.859375 0.8459201406249999 0.859375 0.8522821484374999 0.8892578125 0.8608506953124999 0.898046875 0.90078125 0.899365234375 0.9015625 0.90140625 0.9015625 0.9087890625 0.88515625 0.925 0.8766799437499999 0.925 0.8493923625 0.91953125 0.8105034718749999 0.9029296875 0.7948784718749999
1 0.9365234375 0.8576388890625 0.9013671875 0.8576388890625 0.8955078125 0.8611111109375 0.890625 0.8732638890625 0.88671875 0.9045138890625 0.88671875 0.9774305562500001 0.8994140625 0.996527778125 0.91015625 0.9982638890625 0.916015625 0.984375 0.921875 0.9322916671874999 0.9267578125 0.9236111109375 0.953125 0.918402778125 0.951171875 0.887152778125 0.9365234375 0.8576388890625
1 0.9814453125 0.809027778125 0.9697265625 0.7986111109375 0.9345703125 0.8020833328125001 0.927734375 0.824652778125 0.9296875 0.8524305562500001 0.9384765625 0.8576388890625 0.94921875 0.8767361109375 0.955078125 0.9114583328125001 0.9580078125 0.9166666671874999 0.96484375 0.9149305562500001 0.96875 0.9079861109375 0.9765625 0.862847221875 0.9814453125 0.8541666671874999 0.9921875 0.8489583328125001 0.9921875 0.831597221875 0.9814453125 0.809027778125
1 1 0.7170138890625 0.9814453125 0.6979166671875 0.9580078125 0.6979166671875 0.947265625 0.7204861109375 0.947265625 0.7413194437499999 0.966796875 0.769097221875 0.970703125 0.793402778125 0.982421875 0.8038194437499999 0.9931640625 0.8020833328125001 0.99609375 0.7829861109375 1 0.7795138890625 1 0.7170138890625
1 0.9462890625 0.7430555562500001 0.9150390625 0.746527778125 0.908203125 0.7586805562500001 0.90625 0.793402778125 0.927734375 0.8211805562500001 0.9296875 0.8107638890625 0.9404296875 0.7986111109375 0.9677734375 0.7986111109375 0.96875 0.7795138890625 0.96484375 0.765625 0.9462890625 0.7430555562500001
1 0.8525390625 0.7569444437499999 0.84375 0.7795138890625 0.83984375 0.8385416671874999 0.84765625 0.855902778125 0.849609375 0.8732638890625 0.857421875 0.8767361109375 0.865234375 0.8107638890625 0.8720703125 0.7986111109375 0.89453125 0.793402778125 0.89453125 0.7795138890625 0.8857421875 0.7569444437499999 0.8525390625 0.7569444437499999
7 0.9775390625 0.5107638890625 0.9482421875 0.507291665625 0.9365234375 0.5142361109375 0.921875 0.5333333328125 0.919921875 0.585416665625 0.9140625 0.6270833328125 0.915966796875 0.640625 0.9169921859375 0.640625 0.9306640625 0.6357638890625 0.9677734375 0.6357638890625 0.984375 0.61319444375 0.984375 0.5611111109375 0.98046875 0.515972221875 0.9775390625 0.5107638890625
4 0.637890625 0.6324652765625001 0.630078125 0.6289930546875 0.602734375 0.6324652765625001 0.5919921875 0.6515625 0.5919921875 0.6967013890625 0.61640625 0.701909721875 0.6193359375 0.7071180546875 0.6271484375 0.7418402765625001 0.6271484375 0.7592013890625 0.63427734375 0.771875 0.6359863265625 0.771875 0.6408203125 0.7661458328124999 0.6427734375 0.7453125 0.646875 0.7404513890625 0.646875 0.6671875 0.6447265625 0.6480902765625001 0.637890625 0.6324652765625001
4 0.6166015625 0.5674479156250001 0.609765625 0.555295140625 0.578515625 0.555295140625 0.5677734375 0.5848090265625 0.5658203125 0.6056423609375 0.594140625 0.60390625 0.6048828125 0.62647569375 0.6104654953125 0.65625 0.6112165171874999 0.65625 0.6185546875 0.633420140625 0.6166015625 0.5674479156250001
4 0.6787109375 0.5729166671875 0.6611328125 0.5625 0.658203125 0.5711805562500001 0.66015625 0.671875 0.66796875 0.671875 0.6787109375 0.6701388890625 0.681640625 0.6614583328125 0.681640625 0.640625 0.6875 0.6232638890625 0.6875 0.5989583328125 0.6787109375 0.5729166671875
4 0.67265625 0.46119791875000005 0.6619140625 0.47682291875000005 0.65625 0.5003182875000001 0.65625 0.5294270828125 0.6599609375 0.53932291875 0.6753417734375 0.540625 0.6808105484375 0.540625 0.6873046875 0.532378471875 0.6890625 0.47300347187499997 0.6890625 0.466059028125 0.686328125 0.46119791875000005 0.67265625 0.46119791875000005
4 0.6220703125 0.4548611109375 0.5966796875 0.4583333328125 0.587890625 0.48090277812500004 0.5859375 0.5086805562500001 0.5888671875 0.5138888890625 0.6025390625 0.5138888890625 0.6142578125 0.5416666671875 0.619140625 0.543402778125 0.6240234375 0.5451388890625 0.6328125 0.5225694437499999 0.6328125 0.484375 0.62890625 0.4635416671875 0.6220703125 0.4548611109375
4 0.6583984375 0.5605034718749999 0.6601074234375 0.5609375 0.665966796875 0.5609375 0.6671875 0.5587673609375 0.6671875 0.54140625 0.6603515625 0.5466145828125 0.6583984375 0.5605034718749999
4 0.619140625 0.5954861109375 0.6318359375 0.625 0.63671875 0.6232638890625 0.640625 0.581597221875 0.6484375 0.5642361109375 0.6474609375 0.534722221875 0.6298828125 0.534722221875 0.62109375 0.5607638890625 0.619140625 0.5954861109375
4 0.70859375 0.696527778125 0.6978515625 0.6739583328125 0.6822265625 0.6739583328125 0.675390625 0.6826388890625 0.67734375 0.76944444375 0.684667975 0.7703125 0.6922733187500001 0.7703125 0.710546875 0.7138888890625 0.70859375 0.696527778125