3 0.216796875 0.7315887890624999 0.224609375 0.7010422843749999 0.2275390625 0.6720231046875 0.3857421875 0.6628591515625 0.390625 0.6521678765625001 0.390625 0.6002388171875 0.4052734375 0.5620556875 0.490234375 0.5422004593749999 0.484375 0.43528769218749996 0.4873046875 0.3635034078125 0.498046875 0.3803039828125 0.4921875 0.429178390625 0.4970703125 0.4704161734375 0.513671875 0.46583419687500005 0.515625 0.429178390625 0.505859375 0.36197608125 0.482421875 0.343648178125 0.4697265625 0.2871371453125 0.4130859375 0.28102784375 0.3818359375 0.24742668750000002 0.2294921875 0.2504813390625 0.2099609375 0.2596452890625 0.1962890625 0.2871371453125 0.171875 0.3008830703125 0.16015625 0.36197608125 0.1640625 0.3741946828125 0.162109375 0.743807390625 0.16796875 0.8232283031250001 0.1728515625 0.8308649296875 0.1875 0.8293376046875001 0.189453125 0.8110097015625 0.201171875 0.789627146875 0.205078125 0.7468620406250001 0.216796875 0.7315887890624999
4 0.53125 0.8201736515625001 0.529296875 0.8018457484375 0.5048828125 0.7942091234374999 0.4990234375 0.8155916781249999 0.4609375 0.7132608859375 0.4306640625 0.6720231046875 0.3134765625 0.6689684546875 0.2412109375 0.68118705625 0.22265625 0.7163155359375 0.203125 0.8018457484375 0.1875 0.832392253125 0.181640625 0.9179224671874999 0.181640625 0.9851247765625001 0.1865234375 0.99887070625 0.5390625 0.9973433796875 0.529296875 0.9148678171875 0.50390625 0.8354469046874999 0.5263671875 0.8278102796875 0.53125 0.8201736515625001
1 0.59765625 0.8721027109374999 0.59765625 0.704096934375 0.591796875 0.59718416875 0.58203125 0.5696923125 0.5673828125 0.5528917343749999 0.5380859375 0.5437277843749999 0.4443359375 0.5498370859375 0.4072265625 0.5620556875 0.396484375 0.5910748671875 0.396484375 0.658277178125 0.4267578125 0.665913803125 0.4482421875 0.6872963546874999 0.4970703125 0.797263771875 0.5087890625 0.788099821875 0.5283203125 0.7942091234374999 0.53515625 0.817119003125 0.5322265625 0.8278102796875 0.517578125 0.8354469046874999 0.517578125 0.8751573609375001 0.5283203125 0.8980672390625 0.5732421875 0.8980672390625 0.58203125 0.9362503703125 0.58984375 0.9331957203125001 0.583984375 0.9240317671874999 0.591796875 0.92097711875 0.59765625 0.8721027109374999
1 0.72265625 0.9423596703125 0.7265625 0.9179224671874999 0.72265625 0.8873759625 0.7421875 0.7285341375 0.751953125 0.6979876328125 0.763671875 0.6888236828125 0.76953125 0.6368946234374999 0.7763671875 0.623148696875 0.7919921875 0.620094046875 0.8046875 0.6338399734375 0.80078125 0.6827143812500001 0.8115234375 0.68424170625 0.8212890625 0.7056242609375001 0.8369140625 0.6872963546874999 0.8564453125 0.68424170625 0.8662109375 0.693405659375 0.875 0.7193701875 0.859375 0.780463196875 0.8876953125 0.797263771875 0.8935546875 0.8217009765625001 0.9140625 0.817119003125 0.91796875 0.8018457484375 0.908203125 0.737698090625 0.9033203125 0.7239521609375 0.892578125 0.7224248359375001 0.900390625 0.7071515859375 0.890625 0.6552225265625 0.892578125 0.6155120703125 0.8798828125 0.586492890625 0.8408203125 0.5651103359375 0.7470703125 0.5590010375000001 0.6806640625 0.5651103359375 0.6552734375 0.5742742890625 0.640625 0.5910748671875 0.6240234375 0.7208975125 0.619140625 0.6979876328125 0.623046875 0.752971340625 0.6171875 0.7590806421875 0.61328125 0.8293376046875001 0.6171875 0.8659934093749999 0.640625 0.8904306140625 0.640625 0.9331957203125001 0.650390625 0.9790154765624999 0.6552734375 0.992761403125 0.6640625 0.9942887296875 0.677734375 0.9881794296875 0.6806640625 0.9530509484374999 0.7138671875 0.9591602484375 0.72265625 0.9423596703125
1 0.8076171875 0.42154176562499995 0.796875 0.43223304218749997 0.8076171875 0.4795801234375 0.8232421875 0.45208827031250004 0.830078125 0.456670246875 0.8369140625 0.482634775 0.8466796875 0.46125222343749994 0.861328125 0.49027139999999997 0.87109375 0.47805279843750004 0.876953125 0.4505609453125 0.8720703125 0.4245964171875 0.8076171875 0.42154176562499995
1 0.7119140625 0.45208827031250004 0.6552734375 0.45514291875 0.64453125 0.46583419687500005 0.642578125 0.48110745 0.640625 0.5208179046875 0.6484375 0.5208179046875 0.7236328125 0.5162359296875 0.736328125 0.4688888484375 0.7314453125 0.45819757031249997 0.7119140625 0.45208827031250004
1 0.60546875 0.5116539546875 0.6064453125 0.4429243171875 0.5439453125 0.43681501875000006 0.525390625 0.44750629374999995 0.5234375 0.536091159375 0.56640625 0.5483097609375001 0.5810546875 0.4795801234375 0.5869140625 0.47652547343749996 0.58984375 0.4963807015625 0.60546875 0.5116539546875
1 0.7314453125 0.49179872500000005 0.7265625 0.5055446546875 0.7294921875 0.5162359296875 0.7861328125 0.52845453125 0.7939453125 0.5590010375000001 0.849609375 0.5635830125 0.849609375 0.5177632562500001 0.8349609375 0.48568942656249997 0.7529296875 0.482634775 0.7314453125 0.49179872500000005
1 0.701171875 0.43223304218749997 0.6923828125 0.4245964171875 0.6083984375 0.4184871140625 0.5966796875 0.427651065625 0.5947265625 0.43681501875000006 0.609375 0.4413969921875 0.6171875 0.5116539546875 0.6279296875 0.464306871875 0.6728515625 0.45208827031250004 0.6806640625 0.43986966875 0.701171875 0.43223304218749997
1 0.7607421875 0.427651065625 0.7158203125 0.430705715625 0.7109375 0.44750629374999995 0.7333984375 0.45819757031249997 0.7421875 0.4841621 0.7978515625 0.4795801234375 0.802734375 0.44750629374999995 0.7919921875 0.4337603671875 0.7607421875 0.427651065625
3 0.5712890625 0.3482301546875 0.55859375 0.37724933437499997 0.5595703125 0.40932316406249997 0.58984375 0.42306909062500003 0.6005859375 0.42154176562499995 0.623046875 0.3925225859375 0.6103515625 0.345175503125 0.5712890625 0.3482301546875