3 0.2373046875 0.6565434265625 0.2431640625 0.6748826296875 0.2490234375 0.6748826296875 0.2529296875 0.6565434265625 0.2568359375 0.6638791078125 0.2646484375 0.6528755875 0.2783203125 0.6602112671875 0.283203125 0.6327024640625 0.283203125 0.5813527 0.279296875 0.5593456578125 0.2763671875 0.553843896875 0.2314453125 0.553843896875 0.1806640625 0.5721830984375 0.17578125 0.5960240609375 0.173828125 0.6840522296875 0.1806640625 0.696889671875 0.193359375 0.6950557515625 0.197265625 0.6730487093749999 0.2041015625 0.6602112671875 0.2158203125 0.689553990625 0.2236328125 0.689553990625 0.2333984375 0.6565434265625 0.2373046875 0.6565434265625
3 0.4873046875 0.608861503125 0.4775390625 0.6161971828125 0.4609375 0.6510416671875 0.458984375 0.7830839203125 0.4638671875 0.792253521875 0.513671875 0.794087440625 0.5185546875 0.78125 0.5302734375 0.7739143187499999 0.546875 0.7464055171874999 0.546875 0.618031103125 0.5341796875 0.608861503125 0.4873046875 0.608861503125
3 0.5419921875 0.4981367375 0.556640625 0.47062793437500006 0.55859375 0.4156103296875 0.5537109375 0.3991050484375 0.5185546875 0.3954372078125 0.505859375 0.4082746484375 0.50390625 0.48529929687499995 0.509765625 0.4999706578125 0.5140039046875 0.5015625 0.514841796875 0.5015625 0.5205078125 0.49446889687500006 0.5419921875 0.4981367375
3 0.7314453125 0.76244865 0.7392578125 0.7477772890625001 0.7509765625 0.76244865 0.755859375 0.756946890625 0.755859375 0.6725865609375 0.7431640625 0.6340742374999999 0.6904296875 0.6304063984375 0.681640625 0.6395759984375 0.681640625 0.7532790484375 0.689453125 0.7752860921875 0.6928515609375 0.7765625 0.69478125 0.7765625 0.7060546875 0.76244865 0.7314453125 0.76244865
7 0.63828125 0.5850095359374999 0.6314453125 0.568504253125 0.5748046875 0.5648364124999999 0.5703125 0.569898034375 0.5703125 0.6976122359375 0.573828125 0.7207196296875 0.579435546875 0.73125 0.589459375 0.73125 0.5962890625 0.7152178703125001 0.6060546875 0.7078821890625 0.6255859375 0.7115500296875 0.6333984375 0.72255355 0.640234375 0.7170517890625 0.640234375 0.6913769078125 0.64375 0.6814737375 0.64375 0.6792730328125 0.636328125 0.6583663421875 0.63828125 0.5850095359374999
3 0.2880859375 0.3851232390625 0.2626953125 0.3851232390625 0.255859375 0.39796068125 0.25390625 0.44197476562500004 0.2607421875 0.46581572812500005 0.2724609375 0.4804870890625 0.279296875 0.47865316875 0.2841796875 0.46948356875 0.2978515625 0.46581572812500005 0.302734375 0.4566461265625 0.306640625 0.43097124375 0.3046875 0.40162852187500003 0.2880859375 0.3851232390625
4 0.88984375 0.8121148765624999 0.891796875 0.8011113546875 0.887890625 0.790107834375 0.8771484375 0.7699347109375 0.8498046875 0.7699347109375 0.846875 0.775436471875 0.848828125 0.8561289609375 0.8634765625 0.85796288125 0.868359375 0.8487932796875001 0.868359375 0.8377897593749999 0.8732421875 0.8322879984375 0.880078125 0.8451254390624999 0.88203125 0.8597968015624999 0.8850683625 0.8609375 0.8872832015625001 0.8609375 0.89375 0.8487932796875001 0.88984375 0.8121148765624999
4 0.6125 0.9445422546875 0.6125 0.9738849765625 0.6154296875 0.9793867374999999 0.6349609375 0.9793867374999999 0.6466796875 0.98672241875 0.649609375 0.9702171359375 0.6544921875 0.9683832156250001 0.659375 0.9738849765625 0.6631783859375 0.9953125 0.675 0.9953125 0.675 0.94821009375 0.6671875 0.90052816875 0.636636721875 0.8953125 0.6343515609375 0.8953125 0.6193359375 0.9023620890625 0.6125 0.9445422546875
4 0.955078125 0.8747799296875 0.9755859375 0.8729460093749999 0.9775390625 0.880281690625 0.982421875 0.8784477703125001 0.98046875 0.8307658453125001 0.97265625 0.794087440625 0.9677734375 0.784917840625 0.9560546875 0.784917840625 0.953125 0.801423121875 0.955078125 0.8747799296875
4 0.6359375 0.825385121875 0.596875 0.825385121875 0.5919921875 0.8345547234374999 0.5900390625 0.8675652859375 0.6125 0.8767348875 0.618359375 0.8950740890625 0.622265625 0.8950740890625 0.6290488296875 0.9078125 0.6349684703125 0.9078125 0.6369140625 0.8822366484374999 0.640625 0.8729447859375 0.640625 0.8473921640625001 0.6388671875 0.8308868828125 0.6359375 0.825385121875
0 0.787109375 0.9009389671875001 0.779296875 0.8862676046875 0.779296875 0.87159624375 0.7744140625 0.8697623234374999 0.765625 0.9009389671875001 0.765625 0.9559565718749999 0.7769746093750001 0.984375 0.7780820312500001 0.984375 0.783203125 0.9779636140625 0.7890625 0.9559565718749999 0.7890625 0.9412852109375001 0.78515625 0.9229460093749999 0.787109375 0.9009389671875001
1 0.703125 0.8234301640625 0.7060546875 0.828931925 0.7158203125 0.828931925 0.73046875 0.86010856875 0.73046875 0.8857834499999999 0.73828125 0.8894512906250001 0.7421875 0.8857834499999999 0.744140625 0.8711120890625 0.7421875 0.8197623234375 0.7333984375 0.8069248828125 0.7060546875 0.8105927234375001 0.703125 0.8234301640625