6 0.572265625 0.88671875 0.572265625 0.9231770828125001 0.58203125 0.9518229171874999 0.5927734375 0.9661458328125001 0.6064453125 0.9765625 0.6171875 0.98046875 0.6376953125 0.9817708328125001 0.6474609375 0.9791666671874999 0.6787109375 0.9583333328125001 0.7109375 0.91796875 0.7265625 0.8841145828125001 0.7333984375 0.8567708328125001 0.7373046875 0.8567708328125001 0.7431640625 0.8645833328125001 0.7509765625 0.8645833328125001 0.7607421875 0.875 0.7724609375 0.875 0.7958984375 0.8932291671874999 0.8056640625 0.8958333328125001 0.8115234375 0.8932291671874999 0.8212890625 0.8776041671874999 0.8251953125 0.8776041671874999 0.8388671875 0.890625 0.8525390625 0.890625 0.8623046875 0.8854166671874999 0.87109375 0.8736979171874999 0.875 0.8424479171874999 0.8818359375 0.8333333328125001 0.9033203125 0.828125 0.9365234375 0.8046875 0.9404296875 0.8046875 0.9619140625 0.7890625 0.9755859375 0.7708333328125 0.990234375 0.76171875 0.9921875 0.7486979171875 0.9794921875 0.7317708328125 0.9697265625 0.7317708328125 0.93359375 0.7565104171875 0.93359375 0.74609375 0.9375 0.73828125 0.9375 0.7252604171875 0.943359375 0.72265625 0.9423828125 0.7083333328125 0.9384765625 0.7083333328125 0.9375 0.71484375 0.935546875 0.71484375 0.935546875 0.69140625 0.9404296875 0.6848958328125 0.9482421875 0.6822916671875 0.966796875 0.6549479171875 0.96875 0.6471354171875 0.98046875 0.6341145828125 0.98828125 0.6080729171875 0.9853515625 0.6015625 0.978515625 0.6028645828125 0.978515625 0.5924479171875 0.982421875 0.5872395828125 0.98046875 0.5846354171875 0.98046875 0.5690104171875 0.982421875 0.56640625 0.982421875 0.5403645828125 0.986328125 0.52734375 0.986328125 0.5013020828125 0.98046875 0.4778645828125 0.982421875 0.47265625 0.9658203125 0.4557291671875 0.9609375 0.4596354171875 0.9599609375 0.4661458328125 0.9541015625 0.4609375 0.9501953125 0.46875 0.947265625 0.4622395828125 0.955078125 0.4466145828125 0.951171875 0.4309895828125 0.96875 0.37890625 0.966796875 0.3502604171875 0.9599609375 0.3359375 0.9482421875 0.3307291671875 0.9365234375 0.3203125 0.9189453125 0.3203125 0.8935546875 0.3333333328125 0.875 0.3580729171875 0.8642578125 0.4088541671875 0.8583984375 0.4088541671875 0.8466796875 0.4166666671875 0.8232421875 0.4401041671875 0.8193359375 0.4479166671875 0.7861328125 0.4713541671875 0.7626953125 0.4973958328125 0.7529296875 0.5026041671875 0.748046875 0.5143229171875 0.7353515625 0.5286458328125 0.7216796875 0.5260416671875 0.7109375 0.5377604171875 0.7109375 0.5481770828125 0.7138671875 0.5520833328125 0.7236328125 0.5572916671875 0.7314453125 0.5520833328125 0.7353515625 0.5546875 0.7412109375 0.5442708328125 0.7451171875 0.5494791671875 0.7490234375 0.5494791671875 0.7548828125 0.5416666671875 0.7626953125 0.5390625 0.7666015625 0.53125 0.7900390625 0.5182291671875 0.7958984375 0.5104166671875 0.8076171875 0.5078125 0.8134765625 0.5 0.8173828125 0.5 0.8310546875 0.4895833328125 0.83984375 0.4908854171875 0.837890625 0.5013020828125 0.837890625 0.5533854171875 0.8349609375 0.5598958328125 0.828125 0.5638020828125 0.8232421875 0.5755208328125 0.7919921875 0.59375 0.7705078125 0.6171875 0.7314453125 0.5807291671875 0.7158203125 0.5833333328125 0.6953125 0.6106770828125 0.68359375 0.6393229171875 0.671875 0.6497395828125 0.669921875 0.6966145828125 0.6640625 0.7018229171875 0.6640625 0.7096354171875 0.673828125 0.73046875 0.67578125 0.7513020828125 0.6708984375 0.7578125 0.6494140625 0.7630208328125 0.6259765625 0.78125 0.6220703125 0.78125 0.6171875 0.7877604171875 0.615234375 0.7981770828125 0.59765625 0.8216145828125001 0.58203125 0.8502604171874999 0.572265625 0.88671875
6 0.45296850468749994 0.44623807656250003 0.4484375 0.46171725625000004 0.4484375 0.4729461234375 0.45296850468749994 0.4955986453125 0.46930302187499995 0.461979165625 0.46930302187499995 0.4671875 0.47516239687499995 0.475 0.47320927187499995 0.48802083281249997 0.4723382015625 0.4981027390625 0.46734989687499995 0.5296875 0.47125614687499995 0.5401041656250001 0.46734989687499995 0.5505208328125 0.46734989687499995 0.5635416656250001 0.46344364687499995 0.5791666656250001 0.47223270937499995 0.5856770828125 0.48297489687499995 0.6 0.48688114687499995 0.6130208328125 0.49762333437499995 0.6247395828125 0.507388959375 0.62734375 0.517154584375 0.63515625 0.523013959375 0.63515625 0.524967084375 0.6299479156250001 0.526920209375 0.64296875 0.531803021875 0.6364583328125 0.533756146875 0.7197916656250001 0.529849896875 0.7354166656250001 0.531803021875 0.7458333328125 0.529849896875 0.7536458328125 0.540592084375 0.76796875 0.550357709375 0.7731770828125 0.555240521875 0.7796875 0.568912396875 0.7796875 0.580631146875 0.7640625 0.573795209375 0.75234375 0.569888959375 0.75234375 0.561099896875 0.7432291656250001 0.551334271875 0.7223958328125 0.553287396875 0.6677083328125 0.556217084375 0.6611979156250001 0.557193646875 0.678125 0.560123334375 0.68203125 0.626529584375 0.71328125 0.632388959375 0.7184895828125 0.651920209375 0.7158854156250001 0.656803021875 0.6963541656250001 0.665592084375 0.6846354156250001 0.673404584375 0.6846354156250001 0.682193646875 0.6963541656250001 0.682193646875 0.7067708328125 0.676334271875 0.7197916656250001 0.678287396875 0.725 0.687076459375 0.73671875 0.702701459375 0.74453125 0.710513959375 0.75234375 0.722232709375 0.75234375 0.727115521875 0.7458333328125 0.729068646875 0.7354166656250001 0.727115521875 0.7302083328125 0.727115521875 0.6885416656250001 0.731021771875 0.6703125 0.731021771875 0.6546875 0.713443646875 0.6234375 0.715396771875 0.5817708328125 0.701724896875 0.5244791656250001 0.691959271875 0.5010416656250001 0.672428021875 0.477604165625 0.672428021875 0.4671875 0.676334271875 0.459375 0.672428021875 0.43333333281249997 0.680240521875 0.42552083281249997 0.678287396875 0.41770833281249997 0.671451459375 0.411197915625 0.666568646875 0.415104165625 0.668521771875 0.41770833281249997 0.667545209375 0.42421875 0.659732709375 0.42421875 0.658756146875 0.4203125 0.662662396875 0.415104165625 0.659732709375 0.40598958281249997 0.644107709375 0.39557291562499997 0.626529584375 0.37734375 0.608951459375 0.36432291562499997 0.603092084375 0.36432291562499997 0.597232709375 0.35651041562499997 0.579654584375 0.3434895828125 0.566959271875 0.3239583328125 0.566959271875 0.29791666562499997 0.561099896875 0.2875 0.559146771875 0.271875 0.546451459375 0.26015625 0.538638959375 0.26015625 0.530826459375 0.26276041562499997 0.518131146875 0.27447916562499997 0.514224896875 0.2848958328125 0.518131146875 0.303125 0.516178021875 0.30572916562499997 0.518131146875 0.32135416562499997 0.511295209375 0.33307291562499997 0.48883427187499995 0.3578125 0.48492802187499995 0.3708333328125 0.48492802187499995 0.396875 0.48883427187499995 0.415104165625 0.48999309531249996 0.4349975125 0.477162790625 0.43059903593750004 0.45296850468749994 0.44623807656250003
6 0.0314453125 0.9888020828125 0.035770089062499996 0.996875 0.06789062500000001 0.996875 0.071484375 0.9848958328125 0.07734375 0.9927083328125 0.083203125 0.9927083328125 0.08789062656249999 0.996875 0.092968746875 0.996875 0.098828125 0.9953125 0.1046875 0.9875 0.10859375 0.9927083328125 0.11640625 0.9927083328125 0.1226562515625 0.996875 0.1712053578125 0.996875 0.1720703125 0.9888020828125 0.176953125 0.9822916656249999 0.17890625 0.9875 0.1964843765625 0.996875 0.21640625 0.996875 0.21796875 0.9927083328125 0.2226562515625 0.996875 0.224609375 0.996875 0.22578125 0.9953125 0.22812500156249998 0.996875 0.2312499984375 0.996875 0.23359375 0.9953125 0.241796878125 0.996875 0.24765625 0.996875 0.24921875 0.9927083328125 0.2585937515625 0.996875 0.27734375 0.996875 0.28046875 0.9927083328125 0.284375 0.9927083328125 0.2859375 0.996875 0.2886718734375 0.996875 0.2892578125 0.9966145828125 0.29609375 0.9901041656249999 0.305859375 0.9901041656249999 0.3078125 0.9927083328125 0.3126953125 0.9861979156249999 0.294140625 0.9692708328125 0.2873046875 0.96796875 0.2892578125 0.93671875 0.2833984375 0.9184895828125 0.2697265625 0.89765625 0.2677734375 0.88984375 0.2462890625 0.8611979156249999 0.2482421875 0.8247395828125 0.2638671875 0.78828125 0.2658203125 0.77265625 0.2716796875 0.7544270828124999 0.2716796875 0.744010415625 0.28046875 0.7270833328124999 0.309765625 0.7583333328124999 0.341015625 0.8026041656249999 0.3595703125 0.8221354156249999 0.38203125 0.8572916656249999 0.387890625 0.8572916656249999 0.3947265625 0.86640625 0.41328125 0.8989583328125 0.4201171875 0.9028645828125 0.4220703125 0.9341145828125 0.4181640625 0.94453125 0.4181640625 0.9575520828125 0.4142578125 0.9653645828125 0.415234375 0.9770833328125 0.4220703125 0.9705729156249999 0.426953125 0.9588541656249999 0.4484375 0.9614583328125 0.4474609375 0.96796875 0.454296875 0.9770833328125 0.46796875 0.9875 0.471875 0.9953125 0.481640625 0.9953125 0.4826171875 0.9315104156249999 0.466015625 0.909375 0.45625 0.9041666656249999 0.4435546875 0.88984375 0.4416015625 0.8846354156249999 0.4435546875 0.8794270828125 0.4279296875 0.85859375 0.4162109375 0.8299479156249999 0.3888671875 0.783072915625 0.3830078125 0.767447915625 0.3654296875 0.7466145828124999 0.3048828125 0.650260415625 0.2990234375 0.634635415625 0.2951171875 0.5981770828124999 0.2873046875 0.57734375 0.2853515625 0.5591145828124999 0.2814453125 0.548697915625 0.270703125 0.534375 0.25703125 0.5239583328124999 0.22578125 0.521354165625 0.2140625 0.5265625 0.1994140625 0.54609375 0.1935546875 0.5591145828124999 0.1916015625 0.579947915625 0.1994140625 0.611197915625 0.1828125 0.622916665625 0.173046875 0.622916665625 0.149609375 0.6333333328124999 0.1310546875 0.658072915625 0.1203125 0.685416665625 0.11640625 0.685416665625 0.091015625 0.646354165625 0.08125 0.6411458328124999 0.067578125 0.6411458328124999 0.05 0.646354165625 0.0392578125 0.658072915625 0.0333984375 0.712760415625 0.0353515625 0.7153645828124999 0.0373046875 0.751822915625 0.0412109375 0.76484375 0.0412109375 0.78046875 0.0490234375 0.8065104156249999 0.0548828125 0.85078125 0.0587890625 0.85859375 0.0568359375 0.8611979156249999 0.0587890625 0.87421875 0.0548828125 0.8768229156249999 0.0529296875 0.8950520828125 0.0568359375 0.9158854156249999 0.0548828125 0.93671875 0.0607421875 0.9549479156249999 0.0451171875 0.93671875 0.0451171875 0.92890625 0.0412109375 0.9184895828125 0.0275390625 0.88984375 0.01875 0.878125 0.0109375 0.8755208328125 0.0041015625 0.88203125 0.0001953125 0.8950520828125 0.0001953125 0.90546875 0.0197265625 0.9497395828125 0.0314453125 0.9888020828125
6 0 0.9153645828125001 0.0068359375 0.9166666671874999 0.0205078125 0.90625 0.0244140625 0.8984375 0.0302734375 0.8958333328125001 0.03125 0.88671875 0.044921875 0.87109375 0.048828125 0.8606770828125001 0.05859375 0.84765625 0.0625 0.83984375 0.064453125 0.8268229171874999 0.09375 0.77734375 0.09765625 0.7643229171875 0.119140625 0.73828125 0.126953125 0.7200520828125 0.130859375 0.7174479171875 0.1328125 0.6966145828125 0.14453125 0.6627604171875 0.142578125 0.6341145828125 0.1318359375 0.6171875 0.1103515625 0.6041666671875 0.1044921875 0.5911458328125 0.0986328125 0.59375 0.0888671875 0.5911458328125 0.0830078125 0.5833333328125 0.0615234375 0.5677083328125 0.0458984375 0.5729166671875 0.0283203125 0.59375 0 0.6106770828125 0 0.9153645828125001
2 0.2580078125 0.505989584375 0.25625 0.527083334375 0.25625 0.530364584375 0.2658203125 0.576302084375 0.2638671875 0.623177084375 0.2765625 0.6453125 0.284375 0.6479166671875001 0.309765625 0.634895834375 0.317578125 0.634895834375 0.361501734375 0.6578125 0.365234378125 0.6578125 0.3693359375 0.65703125 0.3732421875 0.654427084375 0.3751953125 0.646614584375 0.35859375 0.6296875 0.3556640625 0.6205729171875001 0.37421875 0.603645834375 0.387890625 0.595833334375 0.3927734375 0.599739584375 0.3830078125 0.62578125 0.3859375 0.6322916671875001 0.40546875 0.621875 0.41328125 0.621875 0.4162109375 0.61796875 0.4142578125 0.6049479171875001 0.4044921875 0.59453125 0.4025390625 0.58671875 0.4005859375 0.55546875 0.4044921875 0.5424479171875001 0.3966796875 0.529427084375 0.3986328125 0.505989584375 0.415234375 0.48645833437499997 0.426953125 0.48125 0.438671875 0.48125 0.4484375 0.48645833437499997 0.454296875 0.4838541671875 0.462109375 0.4890625 0.46875 0.46502976250000005 0.46875 0.46393229218750004 0.4611328125 0.4486979171875 0.4611328125 0.4408854171875 0.4435546875 0.42265625 0.4318359375 0.396614584375 0.4162109375 0.373177084375 0.4005859375 0.33671875 0.3859375 0.3171875 0.3712890625 0.30807291718749996 0.3732421875 0.255989584375 0.3634765625 0.23255208437500002 0.35859375 0.22864583437500002 0.3390625 0.22864583437500002 0.3341796875 0.23255208437500002 0.3244140625 0.25078125 0.3263671875 0.287239584375 0.3302734375 0.29244791718749996 0.3283203125 0.302864584375 0.30390625 0.31979166718749996 0.2970703125 0.32890625 0.2912109375 0.34713541718749996 0.2912109375 0.357552084375 0.2833984375 0.39401041718749996 0.2833984375 0.42265625 0.2892578125 0.44609375 0.2892578125 0.45911458437499997 0.2951171875 0.47734375 0.290234375 0.47864583437499997 0.284375 0.46302083437499997 0.27265625 0.46302083437499997 0.2677734375 0.46953125 0.2716796875 0.49036458437499997 0.2580078125 0.505989584375
6 0.1005859375 0.578125 0.107421875 0.5846354171875 0.109375 0.5950520828125 0.1201171875 0.609375 0.1318359375 0.6145833328125 0.140625 0.6236979171875 0.1455078125 0.625 0.15234375 0.6106770828125 0.15625 0.5716145828125 0.1611328125 0.5651041671875 0.1689453125 0.5625 0.1767578125 0.5546875 0.1865234375 0.5520833328125 0.1962890625 0.5416666671875 0.2001953125 0.5416666671875 0.2041015625 0.5338541671875 0.2255859375 0.5182291671875 0.2314453125 0.5104166671875 0.2568359375 0.515625 0.2626953125 0.5078125 0.2685546875 0.5182291671875 0.2744140625 0.5182291671875 0.287109375 0.50390625 0.29296875 0.4908854171875 0.2744140625 0.4869791671875 0.2685546875 0.4895833328125 0.2607421875 0.5 0.251953125 0.48046875 0.25 0.4622395828125 0.263671875 0.4440104171875 0.267578125 0.4283854171875 0.271484375 0.4231770828125 0.26953125 0.4205729171875 0.279296875 0.4127604171875 0.28125 0.3971354171875 0.2890625 0.3919270828125 0.287109375 0.3893229171875 0.291015625 0.3815104171875 0.294921875 0.3294270828125 0.2861328125 0.3203125 0.2744140625 0.3203125 0.251953125 0.3372395828125 0.24609375 0.30859375 0.232421875 0.26953125 0.2177734375 0.24479166718749998 0.19140625 0.22526041718749998 0.193359375 0.19140625 0.1875 0.18359375 0.1845703125 0.171875 0.1728515625 0.1666666671875 0.1689453125 0.1614583328125 0.1494140625 0.1666666671875 0.140625 0.1809895828125 0.134765625 0.20442708281250002 0.14453125 0.22526041718749998 0.154296875 0.23307291718749998 0.158203125 0.24348958281250002 0.158203125 0.25390625 0.142578125 0.2877604171875 0.140625 0.3138020828125 0.1201171875 0.34375 0.1083984375 0.3463541671875 0.1064453125 0.34375 0.0966796875 0.3463541671875 0.09375 0.3502604171875 0.099609375 0.3580729171875 0.0927734375 0.359375 0.091796875 0.36328125 0.099609375 0.37109375 0.0908203125 0.3723958328125 0.087890625 0.3763020828125 0.080078125 0.3893229171875 0.0703125 0.4153645828125 0.068359375 0.4440104171875 0.06640625 0.4466145828125 0.0703125 0.47265625 0.068359375 0.48046875 0.0791015625 0.4973958328125 0.0908203125 0.5 0.09375 0.50390625 0.0830078125 0.5104166671875 0.0751953125 0.5104166671875 0.0615234375 0.5208333328125 0.0478515625 0.5364583328125 0.04296875 0.54296875 0.03515625 0.5716145828125 0.03515625 0.5768229171875 0.0380859375 0.578125 0.0400390625 0.5729166671875 0.0478515625 0.5677083328125 0.0654296875 0.5677083328125 0.0791015625 0.578125 0.1005859375 0.578125
6 0.7783203125 0.4114583328125 0.7900390625 0.3932291671875 0.794921875 0.3919270828125 0.7890625 0.4231770828125 0.7890625 0.4518229171875 0.79296875 0.4596354171875 0.7978515625 0.4609375 0.8134765625 0.4505208328125 0.830078125 0.4283854171875 0.8330078125 0.4114583328125 0.8369140625 0.4088541671875 0.8544921875 0.4088541671875 0.86328125 0.3997395828125 0.87109375 0.3606770828125 0.88671875 0.33984375 0.890625 0.3190104171875 0.890625 0.29296875 0.9013671875 0.2838541671875 0.912109375 0.2903645828125 0.912109375 0.2669270828125 0.921875 0.25390625 0.9189453125 0.25 0.91015625 0.24869791718749998 0.912109375 0.23828125 0.91015625 0.23567708281250002 0.91015625 0.21223958281250002 0.90625 0.19921875 0.884765625 0.17578125 0.890625 0.1549479171875 0.890625 0.1419270828125 0.8857421875 0.1328125 0.8701171875 0.1328125 0.861328125 0.1419270828125 0.859375 0.1471354171875 0.859375 0.1731770828125 0.8564453125 0.1770833328125 0.8505859375 0.1770833328125 0.8427734375 0.1822916671875 0.8359375 0.19140625 0.814453125 0.22786458281250002 0.814453125 0.24088541718749998 0.8046875 0.2565104171875 0.8115234375 0.2630208328125 0.8154296875 0.2630208328125 0.822265625 0.25390625 0.82421875 0.24088541718749998 0.828125 0.23307291718749998 0.83984375 0.22265625 0.83984375 0.24348958281250002 0.8359375 0.26171875 0.828125 0.2643229171875 0.81640625 0.2903645828125 0.80859375 0.2981770828125 0.806640625 0.30859375 0.796875 0.3216145828125 0.78515625 0.36328125 0.78515625 0.3763020828125 0.77734375 0.38671875 0.775390625 0.39453125 0.767578125 0.40234375 0.7685546875 0.4088541671875 0.7783203125 0.4114583328125
6 0.57734375 0.38828125 0.575 0.39348958437500003 0.575 0.45807291718750004 0.5771484375 0.4609375 0.578710940625 0.4609375 0.5841796875 0.459895834375 0.5919921875 0.452083334375 0.5953125 0.4078125 0.5953125 0.3993607953125 0.58515625 0.38828125 0.57734375 0.38828125
6 0.462890625 0.44140625 0.458984375 0.4596354171875 0.4609375 0.4622395828125 0.4609375 0.4752604171875 0.458984375 0.48828125 0.470703125 0.5065104171875 0.4794921875 0.5052083328125 0.494140625 0.4856770828125 0.501953125 0.4700520828125 0.5 0.4466145828125 0.4921875 0.4361979171875 0.4921875 0.4283854171875 0.5029296875 0.4114583328125 0.5107421875 0.4114583328125 0.5322265625 0.3958333328125 0.5498046875 0.3776041671875 0.5595703125 0.3723958328125 0.5654296875 0.3645833328125 0.5751953125 0.3619791671875 0.5888671875 0.3515625 0.599609375 0.3346354171875 0.6015625 0.3138020828125 0.599609375 0.3111979171875 0.61328125 0.2877604171875 0.61328125 0.23307291718749998 0.609375 0.21744791718749998 0.59375 0.19921875 0.59765625 0.1575520828125 0.5888671875 0.1432291671875 0.5791015625 0.1432291671875 0.5771484375 0.140625 0.5625 0.1497395828125 0.556640625 0.1653645828125 0.55859375 0.16796875 0.560546875 0.1966145828125 0.546875 0.21223958281250002 0.546875 0.21744791718749998 0.537109375 0.23307291718749998 0.53515625 0.24088541718749998 0.498046875 0.28515625 0.498046875 0.2903645828125 0.50390625 0.2981770828125 0.4921875 0.32421875 0.48828125 0.3450520828125 0.498046875 0.37109375 0.4921875 0.37890625 0.490234375 0.3893229171875 0.4765625 0.4049479171875 0.47265625 0.4205729171875 0.462890625 0.44140625
6 0.439453125 0.21484375 0.43359375 0.22265625 0.427734375 0.24609375 0.427734375 0.29296875 0.4482421875 0.3229166671875 0.4609375 0.32421875 0.4697265625 0.3255208328125 0.4775390625 0.3177083328125 0.4912109375 0.3203125 0.498046875 0.3059895828125 0.4921875 0.29296875 0.4921875 0.28515625 0.5048828125 0.2734375 0.51171875 0.26171875 0.51171875 0.23567708281250002 0.5078125 0.22786458281250002 0.5078125 0.22005208281250002 0.513671875 0.21223958281250002 0.515625 0.20442708281250002 0.513671875 0.1888020828125 0.515625 0.1861979171875 0.515625 0.1653645828125 0.5107421875 0.1458333328125 0.5068359375 0.1432291671875 0.50390625 0.15234375 0.5009765625 0.1536458328125 0.4921875 0.14453125 0.49609375 0.1393229171875 0.494140625 0.1341145828125 0.5 0.12109375 0.498046875 0.11328125 0.4912109375 0.1067708328125 0.4873046875 0.109375 0.4853515625 0.1067708328125 0.4697265625 0.1067708328125 0.46484375 0.1158854171875 0.462890625 0.1236979171875 0.466796875 0.1341145828125 0.466796875 0.1419270828125 0.455078125 0.15234375 0.447265625 0.1809895828125 0.435546875 0.1940104171875 0.435546875 0.20442708281250002 0.439453125 0.21484375
6 0.7837890625 0.3958333328125 0.7743024546874999 0.378125 0.7702473953125 0.378125 0.77109375 0.3815104171875 0.76875 0.3846354171875 0.76875 0.39359375 0.776953125 0.40234375 0.7797154015625 0.4109375 0.7833984359375 0.4109375 0.788671875 0.41015625 0.790625 0.3997395828125 0.7837890625 0.3958333328125
6 0.7595703125 0.16302083437499998 0.7578125 0.166536459375 0.7578125 0.177278646875 0.7634765625 0.19427083437499998 0.7634765625 0.2046875 0.7703125 0.205989584375 0.7732421875 0.209895834375 0.7751953125 0.241145834375 0.7849609375 0.2541666671875 0.7849609375 0.2697916671875 0.7771484375 0.275 0.7791015625 0.290625 0.7869140625 0.30364583437500003 0.7869140625 0.31145833437500003 0.78984375 0.31536458437500003 0.7908203125 0.2854166671875 0.803515625 0.28671875 0.8181640625 0.3088541671875 0.8240234375 0.3296875 0.8263671875 0.3328125 0.8287109375 0.3328125 0.8298828125 0.3322916671875 0.8318359375 0.3244791671875 0.8259765625 0.31145833437500003 0.8259765625 0.290625 0.8240234375 0.28802083437500003 0.8240234375 0.2776041671875 0.8279296875 0.26458333437500003 0.8279296875 0.241145834375 0.8220703125 0.2203125 0.8201171875 0.196875 0.8162109375 0.18645833437499998 0.8142578125 0.1447916671875 0.807421875 0.13567708437499998 0.8015625 0.13567708437499998 0.7966796875 0.1291666671875 0.7947265625 0.1057291671875 0.787890625 0.096614584375 0.778125 0.0940104171875 0.7693359375 0.103125 0.7693359375 0.1135416671875 0.7751953125 0.1291666671875 0.7595703125 0.14739583437499998 0.7595703125 0.16302083437499998
6 1 0.1809895828125 0.998046875 0.1783854171875 1 0.1705729171875 0.9990234375 0.09375 0.9853515625 0.09635416718749999 0.98046875 0.1080729171875 0.9794921875 0.1197916671875 0.9677734375 0.125 0.943359375 0.15234375 0.947265625 0.16015625 0.947265625 0.16796875 0.94140625 0.1731770828125 0.939453125 0.1809895828125 0.94140625 0.21484375 0.9375 0.22526041718749998 0.9404296875 0.234375 0.9501953125 0.23697916718749998 0.9541015625 0.2421875 0.9658203125 0.24479166718749998 0.96875 0.2591145828125 0.9775390625 0.2604166671875 0.984375 0.25390625 0.984375 0.24869791718749998 0.994140625 0.23828125 0.99609375 0.22265625 1 0.21744791718749998 1 0.1809895828125
6 0.2861328125 0.275911459375 0.288574215625 0.2765625 0.2913818359375 0.2765625 0.296875 0.266796875 0.296875 0.243359375 0.2939453125 0.231640625 0.2880859375 0.231640625 0.2841796875 0.239453125 0.2734375 0.240755209375 0.275390625 0.251171875 0.28125 0.2615885421875 0.28125 0.2694010421875 0.2861328125 0.275911459375
6 0.2814453125 0.126432290625 0.278125 0.1485677078125 0.278125 0.153776040625 0.28046875 0.158984375 0.28828125 0.161588540625 0.2990234375 0.1759114578125 0.2951171875 0.194140625 0.2951171875 0.201953125 0.2990234375 0.2071614578125 0.2912109375 0.2071614578125 0.2951171875 0.227994790625 0.3078125 0.229296875 0.3166015625 0.235807290625 0.31953125 0.231901040625 0.329296875 0.2345052078125 0.3302734375 0.227994790625 0.3375 0.218359375 0.3375 0.208203125 0.3341796875 0.1993489578125 0.3244140625 0.188932290625 0.3205078125 0.162890625 0.3107421875 0.1446614578125 0.3126953125 0.11861979062500001 0.305859375 0.10950520781249999 0.298046875 0.10690104062500001 0.290234375 0.112109375 0.2814453125 0.126432290625
4 0.0599609375 0.0494791671875 0.0580078125 0.046875 0.0228515625 0.046875 0.0169921875 0.0494791671875 0.000390625 0.08723958281250001 0.000390625 0.09765625 0.0052734375 0.09895833281250001 0.0091796875 0.09375 0.0267578125 0.09635416718749999 0.03359375 0.1106770828125 0.0296875 0.13671875 0.035546875 0.15234375 0.0482421875 0.1666666671875 0.0580078125 0.1666666671875 0.0658203125 0.171875 0.070703125 0.1705729171875 0.074609375 0.1653645828125 0.0765625 0.1471354171875 0.08046875 0.1419270828125 0.090234375 0.10546875 0.0990234375 0.09375 0.1087890625 0.09114583281250001 0.113671875 0.08463541718749999 0.113671875 0.07682291718749999 0.121484375 0.06380208281250001 0.121484375 0.05859375 0.0970703125 0.05208333281250001 0.0599609375 0.0494791671875
4 0.125 0.06588541718749999 0.1234375 0.07421875156249999 0.1234375 0.076680871875 0.14453125 0.09713541718749999 0.1484375 0.11015625 0.146484375 0.115364584375 0.1484375 0.123177084375 0.1591796875 0.1375 0.162109375 0.13359375 0.162109375 0.123177084375 0.166015625 0.11015625 0.1728515625 0.103645834375 0.1845703125 0.1010416671875 0.197265625 0.1127604171875 0.19921875 0.12838541718750002 0.1953125 0.13359375 0.193359375 0.14401041718750002 0.19964843593749998 0.15 0.2013671890625 0.15 0.203125 0.14921875 0.2255859375 0.14791666718750002 0.2421875 0.12578125 0.24375 0.115364584375 0.24375 0.11067708437499998 0.2421875 0.10234375 0.2353515625 0.095833334375 0.2177734375 0.090625 0.2021484375 0.0671875 0.1923828125 0.061979167187499996 0.1494140625 0.059375 0.1455078125 0.056770834375 0.125 0.06588541718749999
4 0.301953125 0.107291665625 0.31041666874999996 0.1140625 0.3203124953125 0.1140625 0.3224609375 0.1138020828125 0.3283203125 0.09817708281250001 0.3400390625 0.087760415625 0.3400390625 0.06953125 0.3419921875 0.06692708281250001 0.3400390625 0.059114582812500004 0.32734375 0.0473958328125 0.317578125 0.0473958328125 0.315625 0.044791665625 0.284375 0.044791665625 0.28046875 0.0473958328125 0.2736328125 0.059114582812500004 0.2736328125 0.072135415625 0.2833984375 0.09036458281250001 0.2833984375 0.10078125 0.28828125 0.107291665625 0.301953125 0.107291665625
4 0.10625 0.033333334375 0.096875 0.0503787890625 0.096875 0.07031250156249999 0.112109375 0.090625 0.126171871875 0.0953125 0.130468753125 0.0953125 0.1345703125 0.09453125 0.1384765625 0.091927084375 0.1521484375 0.052864584375 0.15703125 0.0463541671875 0.162890625 0.0463541671875 0.1638671875 0.0424479171875 0.1609375 0.0385416671875 0.135546875 0.0359375 0.13359375 0.033333334375 0.10625 0.033333334375
4 0.1974609375 0.04609375 0.2114200375 0.0671875 0.2144531234375 0.0671875 0.2150390625 0.06692708281250001 0.2296875 0.0578125 0.2609375 0.0578125 0.2619140625 0.05390625 0.2560546875 0.048697915625 0.2541015625 0.03828125 0.243359375 0.0265625 0.204296875 0.021354165624999998 0.1994140625 0.025260415624999998 0.1974609375 0.04609375
4 0.3349609375 0.033723959375 0.334375 0.036067709375 0.334375 0.0381510421875 0.35263671875 0.0625 0.35498046875 0.0625 0.3583984375 0.059765625 0.3681640625 0.059765625 0.3765625 0.04110243125 0.3765625 0.039862351562499995 0.3701171875 0.033723959375 0.3564453125 0.033723959375 0.3544921875 0.031119792187500002 0.3349609375 0.033723959375
4 0.3640625 0.036588540625 0.3609375 0.0407552078125 0.3609375 0.058463540625 0.362109375 0.060026040625 0.369921875 0.049609375 0.37578125 0.049609375 0.3796875 0.057421875 0.385546875 0.049609375 0.39140625 0.049609375 0.3943359375 0.053515625 0.3943359375 0.0665364578125 0.4021484375 0.079557290625 0.4119140625 0.079557290625 0.4158203125 0.071744790625 0.4158203125 0.063932290625 0.397265625 0.036588540625 0.3640625 0.036588540625
6 0.384765625 0.1861979171875 0.384765625 0.1966145828125 0.41015625 0.22005208281250002 0.416015625 0.23828125 0.4140625 0.24869791718749998 0.416015625 0.2513020828125 0.4189453125 0.2526041671875 0.421875 0.24869791718749998 0.421875 0.24348958281250002 0.4296875 0.23307291718749998 0.435546875 0.21223958281250002 0.4296875 0.20442708281250002 0.4296875 0.1940104171875 0.4453125 0.17578125 0.44921875 0.1575520828125 0.44140625 0.1315104171875 0.4296875 0.1184895828125 0.427734375 0.09765625 0.4189453125 0.08854166718749999 0.4111328125 0.08854166718749999 0.4052734375 0.09114583281250001 0.396484375 0.1028645828125 0.396484375 0.11328125 0.400390625 0.1158854171875 0.400390625 0.1236979171875 0.37890625 0.1705729171875 0.373046875 0.17578125 0.373046875 0.1809895828125 0.388671875 0.1783854171875 0.384765625 0.1861979171875
6 0.73828125 0.1705729171875 0.740234375 0.1731770828125 0.732421875 0.18359375 0.728515625 0.1966145828125 0.728515625 0.20182291718749998 0.734375 0.20703125 0.7412109375 0.20833333281250002 0.7421875 0.20182291718749998 0.75 0.1940104171875 0.75 0.1783854171875 0.75390625 0.1731770828125 0.75390625 0.1575520828125 0.7607421875 0.1536458328125 0.767578125 0.1419270828125 0.767578125 0.1263020828125 0.763671875 0.11328125 0.75390625 0.1028645828125 0.75390625 0.08203125 0.7509765625 0.078125 0.7451171875 0.078125 0.7421875 0.08203125 0.740234375 0.1002604171875 0.7265625 0.11328125 0.71875 0.1341145828125 0.71875 0.1419270828125 0.7216796875 0.1458333328125 0.7373046875 0.1484375 0.740234375 0.15234375 0.73828125 0.1705729171875
1 0.8974609375 0.1145833328125 0.9033203125 0.1119791671875 0.9130859375 0.1145833328125 0.923828125 0.12890625 0.923828125 0.1393229171875 0.9296875 0.1497395828125 0.9404296875 0.1510416671875 0.9443359375 0.1484375 0.96484375 0.1263020828125 0.96875 0.1158854171875 0.96875 0.10546875 0.974609375 0.08463541718749999 0.9765625 0.06640625 0.9677734375 0.0546875 0.8974609375 0.0494791671875 0.88671875 0.06380208281250001 0.88671875 0.07682291718749999 0.87890625 0.1002604171875 0.87890625 0.1106770828125 0.8896484375 0.125 0.8974609375 0.1145833328125
6 0.0916015625 0.10546875 0.0828125 0.09375 0.07109375 0.09375 0.0623046875 0.10546875 0.0603515625 0.1236979171875 0.0466796875 0.13671875 0.0421875 0.1646701390625 0.0421875 0.177916665625 0.0505859375 0.20703125 0.0486328125 0.23307291718749998 0.05546875 0.24479166718749998 0.061328125 0.2421875 0.0681640625 0.2565104171875 0.0642578125 0.2669270828125 0.0623046875 0.30859375 0.0671875 0.3151041671875 0.076953125 0.3203125 0.0798828125 0.3190104171875 0.084765625 0.3098958328125 0.09453125 0.3125 0.10234375 0.2994791671875 0.1248046875 0.2747395828125 0.1267578125 0.2591145828125 0.1345703125 0.24088541718749998 0.1404296875 0.23567708281250002 0.1404296875 0.22786458281250002 0.1365234375 0.20703125 0.1267578125 0.1861979171875 0.119921875 0.1848958328125 0.0955078125 0.1549479171875 0.0896484375 0.1393229171875 0.0916015625 0.10546875
7 0.7953506765625 0.0169270828125 0.7890616140625 0.0109375 0.7830459921874999 0.0109375 0.7611709890625 0.013020832812499999 0.7421875 0.0190473375 0.7421875 0.0392211125 0.7445694265625 0.0455729171875 0.7465225515625 0.06640625 0.7494522390625 0.07291666718749999 0.7562881765625 0.07682291718749999 0.7562881765625 0.08203125 0.760891971875 0.090625 0.7631241125 0.090625 0.7660538015625 0.08984375 0.7670303640625 0.08072916718749999 0.7787491140625 0.08072916718749999 0.7816788015625 0.07682291718749999 0.7865616140625 0.0546875 0.7924209890625 0.0546875 0.8021866140625 0.07291666718749999 0.808624584375 0.07440363125 0.8109723015625001 0.08035051875 0.8140243234375 0.08066350781250001 0.8109756765625 0.05338541718749999 0.8012100515625 0.0377604171875 0.7992569265625 0.0247395828125 0.7953506765625 0.0169270828125