1 1 0.16578638437499998 0.9990234375 0.1643192484375 0.9794921875 0.1643192484375 0.9775390625 0.1613849765625 0.9638671875 0.1613849765625 0.9619140625 0.1584507046875 0.9541015625 0.1584507046875 0.9521484375 0.15551643125 0.9462890625 0.15551643125 0.9443359375 0.152582159375 0.9326171875 0.152582159375 0.9306640625 0.1496478875 0.9169921875 0.1496478875 0.9150390625 0.14671361562500002 0.8837890625 0.14671361562500002 0.8818359375 0.1496478875 0.8740234375 0.1496478875 0.8720703125 0.152582159375 0.8583984375 0.152582159375 0.8564453125 0.15551643125 0.8447265625 0.15551643125 0.8427734375 0.1584507046875 0.8408203125 0.1584507046875 0.8388671875 0.1613849765625 0.8291015625 0.1613849765625 0.8271484375 0.1643192484375 0.8251953125 0.1643192484375 0.82421875 0.16578638437499998 0.82421875 0.1745892015625 0.822265625 0.1775234734375 0.822265625 0.186326290625 0.8203125 0.1892605640625 0.8203125 0.1921948359375 0.818359375 0.19512910781249998 0.818359375 0.200997653125 0.8154296875 0.2053990609375 0.8134765625 0.2053990609375 0.8125 0.20393192500000001 0.8125 0.19512910781249998 0.810546875 0.1921948359375 0.810546875 0.1892605640625 0.8125 0.186326290625 0.8125 0.1716549296875 0.8115234375 0.17018779374999998 0.8095703125 0.17018779374999998 0.8076171875 0.167253521875 0.7958984375 0.167253521875 0.7939453125 0.17018779374999998 0.7880859375 0.17018779374999998 0.7861328125 0.17312206562500002 0.7822265625 0.17312206562500002 0.7802734375 0.1760563375 0.7685546875 0.1760563375 0.7666015625 0.1789906109375 0.7626953125 0.1789906109375 0.7607421875 0.18192488281250002 0.7529296875 0.18192488281250002 0.7490234375 0.1877934265625 0.7412109375 0.1877934265625 0.7392578125 0.1907277 0.7373046875 0.1907277 0.736328125 0.1921948359375 0.736328125 0.19512910781249998 0.734375 0.1980633796875 0.734375 0.21273474218750002 0.732421875 0.2156690140625 0.734375 0.2186032859375 0.7314453125 0.2230046953125 0.7275390625 0.2230046953125 0.7255859375 0.22007042187499998 0.7236328125 0.22007042187499998 0.7216796875 0.21713615000000003 0.7197265625 0.21713615000000003 0.7177734375 0.22007042187499998 0.7158203125 0.22007042187499998 0.71484375 0.22153755937500003 0.71484375 0.22447183124999998 0.7138671875 0.2259389671875 0.7119140625 0.2259389671875 0.7080078125 0.2318075125 0.7001953125 0.2318075125 0.6982421875 0.234741784375 0.6904296875 0.234741784375 0.68359375 0.2450117375 0.68359375 0.24794600937500003 0.681640625 0.25088028125 0.681640625 0.26555164375 0.68359375 0.268485915625 0.68359375 0.27435445937499997 0.685546875 0.2772887328125 0.685546875 0.2802230046875 0.689453125 0.28609155 0.689453125 0.2978286390625 0.69140625 0.30076291093749996 0.69140625 0.3066314546875 0.689453125 0.309565728125 0.689453125 0.315434271875 0.6875 0.3183685453125 0.6875 0.32423708906250004 0.685546875 0.3271713609375 0.685546875 0.330105634375 0.68359375 0.33303990625 0.68359375 0.33890845 0.681640625 0.3418427234375 0.681640625 0.3447769953125 0.6796875 0.3477112671875 0.6796875 0.3535798125 0.677734375 0.356514084375 0.677734375 0.3623826296875 0.67578125 0.3653169015625 0.67578125 0.36825117343749997 0.673828125 0.3711854453125 0.673828125 0.37411971875 0.671875 0.377053990625 0.671875 0.3858568078125 0.669921875 0.3887910796875 0.669921875 0.39465962499999996 0.666015625 0.40052816875 0.666015625 0.40639671406250005 0.6640625 0.4093309859375 0.6640625 0.41519953125000003 0.662109375 0.41813380312500004 0.662109375 0.42400234687499994 0.658203125 0.42987089218749996 0.658203125 0.43573943593750003 0.65625 0.438673709375 0.65625 0.44160798124999995 0.654296875 0.444542253125 0.654296875 0.4474765265625 0.65234375 0.4504107984375 0.65234375 0.4562793421875 0.6513671875 0.45774647812499997 0.6494140625 0.45774647812499997 0.6484375 0.45921361562499996 0.6484375 0.4621478875 0.646484375 0.46508215937499997 0.646484375 0.4914906109375 0.64453125 0.49442488281249997 0.64453125 0.5032277 0.642578125 0.506161971875 0.642578125 0.5120305171874999 0.6396484375 0.516431925 0.6337890625 0.516431925 0.6298828125 0.5223004687499999 0.6279296875 0.5223004687499999 0.626953125 0.5237676062500001 0.626953125 0.526701878125 0.625 0.52963615 0.625 0.55017605625 0.623046875 0.553110328125 0.623046875 0.5824530515624999 0.625 0.5853873234375 0.625 0.608861503125 0.626953125 0.611795775 0.626953125 0.6176643187499999 0.630859375 0.6235328640625 0.630859375 0.6264671359375 0.6328125 0.6294014078125 0.6328125 0.6323356812500001 0.638671875 0.641138496875 0.638671875 0.6499413140625 0.640625 0.6528755875 0.640625 0.6851525828125 0.642578125 0.6880868546875 0.642578125 0.696889671875 0.64453125 0.69982394375 0.64453125 0.723298121875 0.6435546875 0.7247652578125 0.6416015625 0.7247652578125 0.6396484375 0.7188967140625 0.6376953125 0.7188967140625 0.6357421875 0.715962440625 0.6318359375 0.715962440625 0.6298828125 0.71302816875 0.6279296875 0.71302816875 0.6240234375 0.707159625 0.6103515625 0.707159625 0.6083984375 0.7042253515625 0.6064453125 0.7042253515625 0.6044921875 0.707159625 0.6025390625 0.7042253515625 0.6005859375 0.7042253515625 0.5947265625 0.6954225359375 0.5908203125 0.6954225359375 0.58984375 0.696889671875 0.591796875 0.69982394375 0.5908203125 0.7012910796875 0.5888671875 0.7012910796875 0.5869140625 0.7042253515625 0.5849609375 0.7042253515625 0.58203125 0.7086267609375 0.58203125 0.7526408453125 0.583984375 0.7555751171875 0.583984375 0.7731807515625 0.580078125 0.7761150234375 0.580078125 0.784917840625 0.578125 0.7878521125 0.578125 0.7937206578125 0.576171875 0.7966549296875 0.578125 0.7995892015625 0.578125 0.8171948359375 0.580078125 0.8201291078124999 0.580078125 0.8230633796875001 0.58203125 0.8259976531250001 0.58203125 0.828931925 0.5830078125 0.8303990609375 0.5849609375 0.8303990609375 0.587890625 0.8348004687499999 0.587890625 0.8377347421874999 0.5908203125 0.84213615 0.5927734375 0.84213615 0.59375 0.8436032859375 0.59375 0.8553403749999999 0.591796875 0.8582746484375001 0.591796875 0.8612089203125001 0.58984375 0.8641431921875 0.58984375 0.8700117374999999 0.587890625 0.8729460093749999 0.587890625 0.8758802812500001 0.5859375 0.8788145546875 0.5859375 0.89055164375 0.583984375 0.8934859156250001 0.583984375 0.919894365625 0.5859375 0.9228286390625 0.5859375 0.9316314546875001 0.587890625 0.934565728125 0.587890625 0.9375 0.591796875 0.9433685453124999 0.591796875 0.9492370890625 0.59375 0.9521713609375 0.59375 0.955105634375 0.599609375 0.9639084499999999 0.599609375 0.9668427234375001 0.6005859375 0.9683098593749999 0.6025390625 0.9683098593749999 0.6064453125 0.974178403125 0.6083984375 0.974178403125 0.6103515625 0.9800469484375001 0.6123046875 0.9800469484375001 0.6162109375 0.9859154921875 0.6181640625 0.9859154921875 0.6201171875 0.9888497656249999 0.6240234375 0.9888497656249999 0.6259765625 0.9917840375000001 0.6513671875 0.9917840375000001 0.65234375 0.9903169015625 0.6533203125 0.9888497656249999 0.6591796875 0.9888497656249999 0.6611328125 0.9859154921875 0.6669921875 0.9859154921875 0.6689453125 0.9829812203125 0.6708984375 0.9829812203125 0.6748046875 0.9771126765625 0.6767578125 0.9771126765625 0.6787109375 0.974178403125 0.6806640625 0.974178403125 0.701171875 0.9433685453124999 0.701171875 0.940434271875 0.703125 0.9375 0.703125 0.934565728125 0.705078125 0.9316314546875001 0.705078125 0.9286971828125001 0.70703125 0.9257629109375 0.70703125 0.91696009375 0.7109375 0.9110915500000001 0.7109375 0.8934859156250001 0.712890625 0.89055164375 0.712890625 0.8817488265625 0.7138671875 0.880281690625 0.71484375 0.8817488265625 0.71484375 0.8934859156250001 0.7158203125 0.8949530515624999 0.7177734375 0.8949530515624999 0.7236328125 0.90375586875 0.7255859375 0.90375586875 0.7333984375 0.9154929578125 0.7353515625 0.9154929578125 0.7431640625 0.927230046875 0.7451171875 0.927230046875 0.7470703125 0.9301643187499999 0.7509765625 0.9301643187499999 0.751953125 0.9286971828125001 0.751953125 0.9257629109375 0.75390625 0.9228286390625 0.75390625 0.919894365625 0.751953125 0.91696009375 0.751953125 0.9110915500000001 0.7529296875 0.9096244125 0.7548828125 0.9096244125 0.7607421875 0.9184272296874999 0.7646484375 0.9184272296874999 0.7666015625 0.9213615031250001 0.7685546875 0.9213615031250001 0.7724609375 0.927230046875 0.7744140625 0.927230046875 0.7763671875 0.9301643187499999 0.7783203125 0.9301643187499999 0.7802734375 0.9330985921874999 0.7841796875 0.9330985921874999 0.7861328125 0.9360328640625 0.7880859375 0.9360328640625 0.7900390625 0.9389671359375 0.7978515625 0.9389671359375 0.7998046875 0.9419014078125001 0.8076171875 0.9419014078125001 0.8095703125 0.9448356812500001 0.8642578125 0.9448356812500001 0.8662109375 0.947769953125 0.8701171875 0.947769953125 0.8720703125 0.950704225 0.8818359375 0.950704225 0.8837890625 0.947769953125 0.8896484375 0.947769953125 0.8916015625 0.9448356812500001 0.8974609375 0.9448356812500001 0.9013671875 0.950704225 0.9033203125 0.950704225 0.9072265625 0.9565727703125001 0.9345703125 0.9565727703125001 0.9365234375 0.9536384968749999 0.9423828125 0.9536384968749999 0.9443359375 0.950704225 0.9541015625 0.950704225 0.9560546875 0.947769953125 0.9619140625 0.947769953125 0.966796875 0.940434271875 0.966796875 0.9257629109375 0.96875 0.9228286390625 0.96875 0.899354459375 0.966796875 0.8964201875000001 0.966796875 0.8934859156250001 0.96484375 0.89055164375 0.96484375 0.8846830984375 0.962890625 0.8817488265625 0.962890625 0.8700117374999999 0.9609375 0.8670774640625 0.9609375 0.852406103125 0.958984375 0.84947183125 0.958984375 0.8406690140625 0.95703125 0.8377347421874999 0.95703125 0.828931925 0.958984375 0.8259976531250001 0.95703125 0.8230633796875001 0.95703125 0.8201291078124999 0.955078125 0.8171948359375 0.955078125 0.7995892015625 0.951171875 0.7937206578125 0.951171875 0.7878521125 0.9423828125 0.7746478875 0.9384765625 0.7746478875 0.9365234375 0.777582159375 0.93359375 0.7731807515625 0.93359375 0.764377934375 0.931640625 0.7614436625 0.931640625 0.7526408453125 0.9296875 0.7497065734375 0.9296875 0.74090375625 0.931640625 0.7379694828125001 0.931640625 0.72036385 0.93359375 0.717429578125 0.93359375 0.7144953046875 0.935546875 0.7115610328125 0.935546875 0.7056924875 0.9375 0.7027582156250001 0.9375 0.696889671875 0.939453125 0.6939553984375 0.939453125 0.6792840375 0.94140625 0.676349765625 0.94140625 0.6734154921875 0.943359375 0.6704812203125 0.943359375 0.6675469484375001 0.9453125 0.6646126765625 0.9453125 0.6499413140625 0.947265625 0.6470070421874999 0.947265625 0.635269953125 0.94921875 0.6323356812500001 0.94921875 0.6235328640625 0.951171875 0.6205985921875 0.951171875 0.611795775 0.953125 0.608861503125 0.953125 0.588321596875 0.955078125 0.5853873234375 0.955078125 0.5765845078125 0.953125 0.573650234375 0.953125 0.3887910796875 0.955078125 0.3858568078125 0.955078125 0.3271713609375 0.95703125 0.32423708906250004 0.95703125 0.3125 0.9619140625 0.30516431875 0.9638671875 0.30516431875 0.96484375 0.3066314546875 0.96484375 0.3125 0.96875 0.315434271875 0.96875 0.3213028171875 0.9716796875 0.325704225 0.9736328125 0.325704225 0.978515625 0.33303990625 0.978515625 0.33597417812499997 0.9794921875 0.3374413140625 0.9814453125 0.3374413140625 0.9833984375 0.34037558749999997 0.9873046875 0.34037558749999997 0.9892578125 0.3374413140625 0.9912109375 0.3374413140625 0.9931640625 0.3345070421875 0.9990234375 0.3345070421875 1 0.33303990625 1 0.16578638437499998
1 0.5107421875 0.7188967140625 0.51171875 0.717429578125 0.5087890625 0.71302816875 0.5068359375 0.71302816875 0.5048828125 0.715962440625 0.5009765625 0.715962440625 0.5 0.7144953046875 0.5 0.7115610328125 0.5009765625 0.710093896875 0.5087890625 0.710093896875 0.5107421875 0.71302816875 0.5126953125 0.71302816875 0.513671875 0.7115610328125 0.513671875 0.7086267609375 0.515625 0.7056924875 0.513671875 0.7027582156250001 0.513671875 0.69982394375 0.515625 0.696889671875 0.515625 0.6851525828125 0.5185546875 0.6807511734375 0.5205078125 0.6836854453125001 0.5224609375 0.6836854453125001 0.5244140625 0.6807511734375 0.5263671875 0.6807511734375 0.52734375 0.6792840375 0.52734375 0.676349765625 0.529296875 0.6734154921875 0.529296875 0.6646126765625 0.5322265625 0.6602112671875 0.5380859375 0.669014084375 0.5400390625 0.669014084375 0.5419921875 0.6719483562499999 0.5458984375 0.6719483562499999 0.5478515625 0.6748826296875 0.5615234375 0.6748826296875 0.5634765625 0.6778169015625 0.6220703125 0.6778169015625 0.626953125 0.6704812203125 0.626953125 0.6675469484375001 0.630859375 0.661678403125 0.630859375 0.65874413125 0.62890625 0.6558098593749999 0.62890625 0.6528755875 0.63671875 0.641138496875 0.63671875 0.638204225 0.6337890625 0.6338028171875 0.6298828125 0.6338028171875 0.62890625 0.6323356812500001 0.62890625 0.6235328640625 0.626953125 0.6205985921875 0.626953125 0.611795775 0.625 0.608861503125 0.625 0.6000586859375 0.623046875 0.5971244125 0.623046875 0.5941901406250001 0.625 0.59125586875 0.625 0.588321596875 0.623046875 0.5853873234375 0.623046875 0.5795187796875 0.62109375 0.5765845078125 0.62109375 0.5648474171875 0.623046875 0.5619131453125 0.623046875 0.55017605625 0.625 0.5472417843749999 0.625 0.52963615 0.626953125 0.526701878125 0.626953125 0.5208333328125 0.6279296875 0.519366196875 0.6298828125 0.519366196875 0.634765625 0.5120305171874999 0.634765625 0.50909624375 0.63671875 0.506161971875 0.63671875 0.49442488281249997 0.634765625 0.4914906109375 0.634765625 0.485622065625 0.63671875 0.48268779375 0.634765625 0.47975352187500003 0.63671875 0.47681924843749995 0.63671875 0.4709507046875 0.634765625 0.46801643125 0.634765625 0.45921361562499996 0.6328125 0.4562793421875 0.6328125 0.43573943593750003 0.634765625 0.43280516406249997 0.634765625 0.39465962499999996 0.6357421875 0.3931924875 0.6416015625 0.4019953046875 0.6455078125 0.3961267609375 0.6494140625 0.3961267609375 0.6513671875 0.3990610328125 0.65625 0.3917253515625 0.65625 0.3799882625 0.6533203125 0.37558685468749997 0.6513671875 0.37852112656250003 0.6435546875 0.37852112656250003 0.640625 0.37411971875 0.640625 0.356514084375 0.6435546875 0.3521126765625 0.6513671875 0.3521126765625 0.6533203125 0.349178403125 0.65625 0.3535798125 0.65625 0.356514084375 0.6572265625 0.3579812203125 0.6611328125 0.3579812203125 0.662109375 0.356514084375 0.662109375 0.3535798125 0.6640625 0.35064554062500003 0.6640625 0.3447769953125 0.6669921875 0.34037558749999997 0.6708984375 0.34037558749999997 0.671875 0.3418427234375 0.671875 0.3477112671875 0.6728515625 0.349178403125 0.6748046875 0.349178403125 0.67578125 0.3477112671875 0.67578125 0.3447769953125 0.677734375 0.3418427234375 0.67578125 0.33890845 0.67578125 0.330105634375 0.6767578125 0.328638496875 0.6787109375 0.328638496875 0.6806640625 0.3315727703125 0.68359375 0.3271713609375 0.68359375 0.30076291093749996 0.685546875 0.2978286390625 0.685546875 0.29196009375 0.6875 0.28902582187500003 0.685546875 0.28609155 0.685546875 0.2831572765625 0.68359375 0.2802230046875 0.68359375 0.2772887328125 0.6796875 0.2714201875 0.6796875 0.2450117375 0.6865234375 0.234741784375 0.6904296875 0.234741784375 0.6923828125 0.2318075125 0.7021484375 0.2318075125 0.703125 0.230340375 0.703125 0.22447183124999998 0.7060546875 0.22007042187499998 0.7080078125 0.2230046953125 0.708984375 0.22153755937500003 0.708984375 0.2156690140625 0.7080078125 0.214201878125 0.6884765625 0.214201878125 0.6865234375 0.21126760625 0.6787109375 0.21126760625 0.6767578125 0.214201878125 0.6748046875 0.21126760625 0.6298828125 0.21126760625 0.6279296875 0.20833333281250002 0.6103515625 0.20833333281250002 0.6083984375 0.21126760625 0.5947265625 0.21126760625 0.5927734375 0.214201878125 0.5830078125 0.214201878125 0.5810546875 0.21713615000000003 0.5791015625 0.21713615000000003 0.576171875 0.22153755937500003 0.576171875 0.2450117375 0.5751953125 0.2464788734375 0.5615234375 0.2464788734375 0.5595703125 0.24354460156250002 0.5576171875 0.2464788734375 0.5556640625 0.2464788734375 0.5537109375 0.24354460156250002 0.5517578125 0.2464788734375 0.5478515625 0.2464788734375 0.546875 0.2450117375 0.546875 0.23620892031250001 0.5458984375 0.234741784375 0.5439453125 0.234741784375 0.54296875 0.23620892031250001 0.54296875 0.24794600937500003 0.5380859375 0.255281690625 0.5263671875 0.255281690625 0.5244140625 0.2582159625 0.5205078125 0.2582159625 0.517578125 0.2626173703125 0.517578125 0.2714201875 0.5234375 0.2802230046875 0.5234375 0.3125 0.521484375 0.315434271875 0.521484375 0.3183685453125 0.51953125 0.3213028171875 0.51953125 0.3271713609375 0.517578125 0.330105634375 0.517578125 0.33303990625 0.515625 0.33597417812499997 0.515625 0.3418427234375 0.513671875 0.3447769953125 0.513671875 0.35064554062500003 0.509765625 0.356514084375 0.509765625 0.35944835625 0.5078125 0.3623826296875 0.5078125 0.36825117343749997 0.505859375 0.3711854453125 0.505859375 0.37411971875 0.5048828125 0.37558685468749997 0.5029296875 0.37558685468749997 0.501953125 0.377053990625 0.501953125 0.3799882625 0.5 0.38292253593750003 0.5 0.39465962499999996 0.4970703125 0.3990610328125 0.4951171875 0.3990610328125 0.4921875 0.403462440625 0.4921875 0.40639671406250005 0.490234375 0.4093309859375 0.490234375 0.41813380312500004 0.4921875 0.421068075 0.4921875 0.438673709375 0.4912109375 0.4401408453125 0.4892578125 0.4401408453125 0.484375 0.4474765265625 0.484375 0.5032277 0.486328125 0.506161971875 0.486328125 0.50909624375 0.48828125 0.5120305171874999 0.48828125 0.5149647890625 0.486328125 0.5178990609375 0.486328125 0.5208333328125 0.490234375 0.5237676062500001 0.490234375 0.5355046953125 0.4873046875 0.539906103125 0.4853515625 0.539906103125 0.4833984375 0.542840375 0.4814453125 0.542840375 0.48046875 0.5443075125 0.4814453125 0.5457746484375 0.4873046875 0.5457746484375 0.4912109375 0.5516431921875 0.4931640625 0.5516431921875 0.498046875 0.5589788734375001 0.498046875 0.5619131453125 0.4970703125 0.56338028125 0.4931640625 0.56338028125 0.4912109375 0.5663145546874999 0.4833984375 0.5663145546874999 0.4814453125 0.56338028125 0.4775390625 0.56338028125 0.4765625 0.5648474171875 0.4765625 0.5707159625 0.4775390625 0.5721830984375 0.4814453125 0.5721830984375 0.4833984375 0.5692488265625 0.4970703125 0.5692488265625 0.498046875 0.5707159625 0.4970703125 0.5721830984375 0.4951171875 0.5721830984375 0.4931640625 0.5751173703125 0.4833984375 0.5751173703125 0.482421875 0.5765845078125 0.482421875 0.5795187796875 0.484375 0.5824530515624999 0.4814453125 0.586854459375 0.4794921875 0.5839201875 0.4775390625 0.5839201875 0.4765625 0.5824530515624999 0.478515625 0.5795187796875 0.478515625 0.5765845078125 0.4775390625 0.5751173703125 0.4677734375 0.5751173703125 0.46484375 0.5707159625 0.466796875 0.5677816906250001 0.4638671875 0.56338028125 0.4609375 0.5677816906250001 0.462890625 0.5707159625 0.462890625 0.573650234375 0.4609375 0.5765845078125 0.4609375 0.5795187796875 0.4619140625 0.580985915625 0.4697265625 0.580985915625 0.470703125 0.5824530515624999 0.4677734375 0.586854459375 0.4443359375 0.586854459375 0.443359375 0.5853873234375 0.443359375 0.5795187796875 0.4423828125 0.5780516437500001 0.4404296875 0.5780516437500001 0.4375 0.5824530515624999 0.4375 0.5971244125 0.4404296875 0.6015258218749999 0.4443359375 0.6015258218749999 0.4482421875 0.607394365625 0.4521484375 0.607394365625 0.4541015625 0.6132629109375001 0.4599609375 0.6132629109375001 0.4619140625 0.6161971828125 0.4912109375 0.6161971828125 0.494140625 0.6205985921875 0.4931640625 0.622065728125 0.4697265625 0.622065728125 0.466796875 0.6264671359375 0.4677734375 0.627934271875 0.4697265625 0.627934271875 0.4716796875 0.6308685453125 0.4736328125 0.627934271875 0.474609375 0.6294014078125 0.474609375 0.6323356812500001 0.4736328125 0.6338028171875 0.4677734375 0.6338028171875 0.4638671875 0.627934271875 0.4580078125 0.6367370890624999 0.4560546875 0.6367370890624999 0.455078125 0.638204225 0.455078125 0.6558098593749999 0.453125 0.65874413125 0.453125 0.6646126765625 0.455078125 0.6675469484375001 0.453125 0.6704812203125 0.455078125 0.6734154921875 0.455078125 0.696889671875 0.4580078125 0.7012910796875 0.4599609375 0.7012910796875 0.4619140625 0.7042253515625 0.4638671875 0.7042253515625 0.4658203125 0.7012910796875 0.4697265625 0.7012910796875 0.470703125 0.7027582156250001 0.470703125 0.717429578125 0.4736328125 0.7218309859375001 0.4794921875 0.7218309859375001 0.4814453125 0.7247652578125 0.4990234375 0.7247652578125 0.5 0.723298121875 0.5009765625 0.7218309859375001 0.5068359375 0.7218309859375001 0.5087890625 0.7188967140625 0.5107421875 0.7188967140625
1 0.4453125 0.5795187796875 0.4453125 0.5765845078125 0.443359375 0.573650234375 0.443359375 0.5648474171875 0.4453125 0.5619131453125 0.4453125 0.55017605625 0.447265625 0.5472417843749999 0.447265625 0.5355046953125 0.44921875 0.532570421875 0.44921875 0.52963615 0.4501953125 0.5281690140624999 0.4560546875 0.5281690140624999 0.4580078125 0.5311032859375 0.4599609375 0.5311032859375 0.4638671875 0.53697183125 0.4697265625 0.53697183125 0.4716796875 0.539906103125 0.4755859375 0.539906103125 0.4794921875 0.5457746484375 0.4814453125 0.5457746484375 0.4833984375 0.5487089203125 0.4853515625 0.5487089203125 0.4892578125 0.5545774640625 0.4912109375 0.5545774640625 0.4951171875 0.560446009375 0.498046875 0.5560446015625 0.49609375 0.553110328125 0.49609375 0.5413732390625 0.494140625 0.5384389671875 0.494140625 0.52963615 0.4921875 0.526701878125 0.4921875 0.5237676062500001 0.490234375 0.5208333328125 0.490234375 0.5178990609375 0.48828125 0.5149647890625 0.48828125 0.50909624375 0.486328125 0.506161971875 0.486328125 0.49442488281249997 0.484375 0.4914906109375 0.484375 0.444542253125 0.4873046875 0.4401408453125 0.4892578125 0.4401408453125 0.4921875 0.43573943593750003 0.4921875 0.403462440625 0.4951171875 0.3990610328125 0.4970703125 0.3990610328125 0.498046875 0.397593896875 0.498046875 0.39465962499999996 0.5 0.3917253515625 0.5 0.3799882625 0.505859375 0.3711854453125 0.505859375 0.36825117343749997 0.5078125 0.3653169015625 0.5078125 0.3623826296875 0.509765625 0.35944835625 0.509765625 0.3535798125 0.51171875 0.35064554062500003 0.51171875 0.3477112671875 0.513671875 0.3447769953125 0.513671875 0.3418427234375 0.515625 0.33890845 0.515625 0.330105634375 0.51953125 0.32423708906250004 0.51953125 0.3213028171875 0.521484375 0.3183685453125 0.521484375 0.3125 0.5234375 0.309565728125 0.5234375 0.2978286390625 0.521484375 0.294894365625 0.521484375 0.28902582187500003 0.515625 0.2802230046875 0.515625 0.2714201875 0.513671875 0.268485915625 0.513671875 0.2596830984375 0.5166015625 0.255281690625 0.5224609375 0.255281690625 0.5244140625 0.2523474171875 0.5283203125 0.2523474171875 0.529296875 0.25088028125 0.529296875 0.24794600937500003 0.53125 0.2450117375 0.53125 0.2420774640625 0.5283203125 0.23767605625 0.5068359375 0.23767605625 0.5048828125 0.240610328125 0.4970703125 0.240610328125 0.4951171875 0.24354460156250002 0.4912109375 0.24354460156250002 0.4892578125 0.2464788734375 0.4873046875 0.2464788734375 0.4814453125 0.255281690625 0.4794921875 0.2523474171875 0.4755859375 0.2582159625 0.4697265625 0.2582159625 0.46875 0.2596830984375 0.46875 0.268485915625 0.470703125 0.2714201875 0.470703125 0.27435445937499997 0.46875 0.2772887328125 0.46875 0.2802230046875 0.4658203125 0.28462441250000003 0.4638671875 0.28462441250000003 0.462890625 0.28609155 0.46484375 0.28902582187500003 0.46484375 0.29196009375 0.4609375 0.2978286390625 0.4609375 0.3125 0.45703125 0.3183685453125 0.45703125 0.3213028171875 0.455078125 0.32423708906250004 0.455078125 0.3271713609375 0.453125 0.330105634375 0.453125 0.33597417812499997 0.44921875 0.3418427234375 0.44921875 0.3477112671875 0.447265625 0.35064554062500003 0.447265625 0.3535798125 0.4453125 0.356514084375 0.4453125 0.35944835625 0.443359375 0.3623826296875 0.443359375 0.3653169015625 0.44140625 0.36825117343749997 0.44140625 0.377053990625 0.439453125 0.3799882625 0.439453125 0.3917253515625 0.4375 0.39465962499999996 0.4375 0.397593896875 0.43359375 0.403462440625 0.43359375 0.44160798124999995 0.435546875 0.444542253125 0.435546875 0.45334507031250004 0.4375 0.4562793421875 0.4375 0.4621478875 0.439453125 0.46508215937499997 0.439453125 0.4709507046875 0.44140625 0.4738849765625 0.44140625 0.48268779375 0.439453125 0.485622065625 0.439453125 0.4914906109375 0.4365234375 0.49589201875000005 0.4306640625 0.49589201875000005 0.4287109375 0.492957746875 0.4248046875 0.492957746875 0.4228515625 0.4900234734375 0.419921875 0.49442488281249997 0.419921875 0.4973591546875 0.421875 0.5002934265625 0.421875 0.5032277 0.4208984375 0.5046948359375001 0.4130859375 0.5046948359375001 0.412109375 0.506161971875 0.412109375 0.50909624375 0.4140625 0.5120305171874999 0.4111328125 0.516431925 0.4091796875 0.516431925 0.408203125 0.5178990609375 0.408203125 0.5237676062500001 0.412109375 0.52963615 0.412109375 0.5355046953125 0.41015625 0.5384389671875 0.41015625 0.5413732390625 0.408203125 0.5443075125 0.408203125 0.5795187796875 0.412109375 0.5853873234375 0.412109375 0.588321596875 0.4130859375 0.5897887328125 0.4150390625 0.5897887328125 0.4169921875 0.5927230046874999 0.4189453125 0.5897887328125 0.419921875 0.59125586875 0.419921875 0.5941901406250001 0.421875 0.5971244125 0.421875 0.6000586859375 0.4228515625 0.6015258218749999 0.4248046875 0.6015258218749999 0.4267578125 0.60446009375 0.4404296875 0.60446009375 0.44140625 0.6029929578125001 0.4453125 0.6000586859375 0.443359375 0.5971244125 0.443359375 0.5824530515624999 0.4453125 0.5795187796875
1 0.404296875 0.526701878125 0.404296875 0.5208333328125 0.400390625 0.5149647890625 0.400390625 0.4973591546875 0.40234375 0.49442488281249997 0.40234375 0.4914906109375 0.404296875 0.48855633750000005 0.404296875 0.4709507046875 0.4072265625 0.4665492953125 0.4091796875 0.4665492953125 0.4111328125 0.46948356875 0.4150390625 0.46948356875 0.4169921875 0.47241784062500003 0.4228515625 0.47241784062500003 0.4248046875 0.4753521125 0.4267578125 0.4753521125 0.4287109375 0.47828638437500004 0.4306640625 0.47828638437500004 0.4326171875 0.4812206578125 0.4365234375 0.4812206578125 0.4375 0.47975352187500003 0.4375 0.45921361562499996 0.435546875 0.4562793421875 0.435546875 0.4504107984375 0.43359375 0.4474765265625 0.43359375 0.40052816875 0.4345703125 0.3990610328125 0.4365234375 0.3990610328125 0.439453125 0.39465962499999996 0.439453125 0.37411971875 0.44140625 0.3711854453125 0.44140625 0.36825117343749997 0.443359375 0.3653169015625 0.443359375 0.35944835625 0.447265625 0.3535798125 0.447265625 0.35064554062500003 0.44921875 0.3477112671875 0.44921875 0.3447769953125 0.451171875 0.3418427234375 0.451171875 0.33890845 0.453125 0.33597417812499997 0.453125 0.330105634375 0.455078125 0.3271713609375 0.455078125 0.32423708906250004 0.45703125 0.3213028171875 0.45703125 0.3125 0.458984375 0.309565728125 0.458984375 0.3066314546875 0.462890625 0.30076291093749996 0.4609375 0.2978286390625 0.4638671875 0.2934272296875 0.4658203125 0.2934272296875 0.466796875 0.29196009375 0.466796875 0.2831572765625 0.46875 0.2802230046875 0.46875 0.2772887328125 0.470703125 0.27435445937499997 0.470703125 0.2626173703125 0.4765625 0.2538145546875 0.4736328125 0.2494131453125 0.4384765625 0.2494131453125 0.4375 0.25088028125 0.4375 0.2596830984375 0.4345703125 0.2640845078125 0.4228515625 0.2640845078125 0.41796875 0.2714201875 0.41796875 0.27435445937499997 0.416015625 0.2772887328125 0.416015625 0.2802230046875 0.4140625 0.2831572765625 0.4140625 0.29196009375 0.412109375 0.294894365625 0.412109375 0.30076291093749996 0.41015625 0.3036971828125 0.41015625 0.3066314546875 0.408203125 0.309565728125 0.408203125 0.3125 0.40625 0.315434271875 0.40625 0.3213028171875 0.404296875 0.32423708906250004 0.404296875 0.3271713609375 0.400390625 0.33303990625 0.400390625 0.33890845 0.3984375 0.3418427234375 0.3984375 0.3477112671875 0.39453125 0.3535798125 0.39453125 0.3623826296875 0.392578125 0.3653169015625 0.392578125 0.377053990625 0.390625 0.3799882625 0.390625 0.4122652578125 0.392578125 0.41519953125000003 0.392578125 0.42400234687499994 0.39453125 0.4269366203125 0.39453125 0.43280516406249997 0.396484375 0.43573943593750003 0.396484375 0.4474765265625 0.3955078125 0.44894366249999995 0.3916015625 0.44894366249999995 0.3896484375 0.451877934375 0.3857421875 0.451877934375 0.3837890625 0.45481220625 0.3818359375 0.45481220625 0.3798828125 0.45774647812499997 0.3759765625 0.45774647812499997 0.3740234375 0.46068075156250005 0.3720703125 0.46068075156250005 0.37109375 0.4621478875 0.37109375 0.46508215937499997 0.369140625 0.46801643125 0.369140625 0.4738849765625 0.3701171875 0.4753521125 0.3740234375 0.4753521125 0.375 0.47681924843749995 0.375 0.47975352187500003 0.3740234375 0.4812206578125 0.3720703125 0.4812206578125 0.369140625 0.485622065625 0.369140625 0.4914906109375 0.3671875 0.49442488281249997 0.3671875 0.50909624375 0.369140625 0.5120305171874999 0.369140625 0.5178990609375 0.37109375 0.5208333328125 0.37109375 0.5237676062500001 0.3779296875 0.534037559375 0.3798828125 0.534037559375 0.3818359375 0.53697183125 0.3857421875 0.53697183125 0.3876953125 0.539906103125 0.3935546875 0.539906103125 0.39453125 0.5384389671875 0.3955078125 0.53697183125 0.4013671875 0.53697183125 0.40625 0.52963615 0.404296875 0.526701878125
1 0.3798828125 0.45481220625 0.3818359375 0.451877934375 0.3857421875 0.451877934375 0.3876953125 0.44894366249999995 0.3896484375 0.44894366249999995 0.392578125 0.444542253125 0.392578125 0.43280516406249997 0.390625 0.42987089218749996 0.390625 0.4122652578125 0.388671875 0.4093309859375 0.388671875 0.38292253593750003 0.392578125 0.377053990625 0.392578125 0.35944835625 0.39453125 0.356514084375 0.39453125 0.35064554062500003 0.396484375 0.3477112671875 0.396484375 0.3447769953125 0.3984375 0.3418427234375 0.3984375 0.33890845 0.400390625 0.33597417812499997 0.400390625 0.330105634375 0.40234375 0.3271713609375 0.40234375 0.32423708906250004 0.40625 0.3183685453125 0.40625 0.315434271875 0.408203125 0.3125 0.408203125 0.309565728125 0.41015625 0.3066314546875 0.41015625 0.3036971828125 0.412109375 0.30076291093749996 0.412109375 0.29196009375 0.4140625 0.28902582187500003 0.4140625 0.2831572765625 0.41796875 0.2772887328125 0.416015625 0.27435445937499997 0.416015625 0.2714201875 0.41796875 0.268485915625 0.41796875 0.2596830984375 0.4169921875 0.2582159625 0.4072265625 0.2582159625 0.4052734375 0.26115023437499996 0.4013671875 0.26115023437499996 0.396484375 0.268485915625 0.396484375 0.2714201875 0.3935546875 0.275821596875 0.3916015625 0.275821596875 0.3896484375 0.27875586874999997 0.3837890625 0.27875586874999997 0.3828125 0.2802230046875 0.3857421875 0.28462441250000003 0.3876953125 0.28462441250000003 0.390625 0.28902582187500003 0.38671875 0.294894365625 0.38671875 0.2978286390625 0.384765625 0.30076291093749996 0.384765625 0.309565728125 0.3828125 0.3125 0.3828125 0.315434271875 0.380859375 0.3183685453125 0.380859375 0.32423708906250004 0.37890625 0.3271713609375 0.37890625 0.330105634375 0.376953125 0.33303990625 0.376953125 0.33890845 0.375 0.3418427234375 0.375 0.3447769953125 0.373046875 0.3477112671875 0.373046875 0.3623826296875 0.369140625 0.36825117343749997 0.369140625 0.3858568078125 0.37109375 0.3887910796875 0.37109375 0.397593896875 0.373046875 0.40052816875 0.373046875 0.40639671406250005 0.375 0.4093309859375 0.375 0.41813380312500004 0.376953125 0.421068075 0.376953125 0.42400234687499994 0.3828125 0.43280516406249997 0.380859375 0.43573943593750003 0.380859375 0.438673709375 0.3828125 0.44160798124999995 0.3798828125 0.4460093890625 0.3759765625 0.4460093890625 0.375 0.444542253125 0.375 0.44160798124999995 0.3720703125 0.4372065734375 0.3681640625 0.4372065734375 0.3671875 0.438673709375 0.3671875 0.44160798124999995 0.365234375 0.444542253125 0.365234375 0.45921361562499996 0.3662109375 0.46068075156250005 0.3701171875 0.46068075156250005 0.37109375 0.45921361562499996 0.3720703125 0.45774647812499997 0.3759765625 0.45774647812499997 0.3779296875 0.45481220625 0.3798828125 0.45481220625
1 0.3154296875 0.369718309375 0.318359375 0.3653169015625 0.318359375 0.35064554062500003 0.3203125 0.3477112671875 0.3203125 0.3066314546875 0.318359375 0.3036971828125 0.3203125 0.30076291093749996 0.3203125 0.28902582187500003 0.322265625 0.28609155 0.322265625 0.2831572765625 0.3212890625 0.281690140625 0.3193359375 0.281690140625 0.3173828125 0.27875586874999997 0.3115234375 0.27875586874999997 0.3095703125 0.281690140625 0.3017578125 0.281690140625 0.298828125 0.28609155 0.298828125 0.2978286390625 0.296875 0.30076291093749996 0.296875 0.3036971828125 0.294921875 0.3066314546875 0.294921875 0.309565728125 0.29296875 0.3125 0.29296875 0.315434271875 0.291015625 0.3183685453125 0.291015625 0.32423708906250004 0.2890625 0.3271713609375 0.2890625 0.330105634375 0.2861328125 0.3345070421875 0.2841796875 0.3345070421875 0.283203125 0.33597417812499997 0.283203125 0.33890845 0.28125 0.3418427234375 0.28125 0.35064554062500003 0.283203125 0.3535798125 0.28125 0.356514084375 0.28125 0.3711854453125 0.2861328125 0.37852112656250003 0.2939453125 0.37852112656250003 0.294921875 0.377053990625 0.296875 0.37411971875 0.296875 0.3711854453125 0.2978515625 0.369718309375 0.3154296875 0.369718309375
1 0.3369140625 0.384389671875 0.3447265625 0.384389671875 0.34765625 0.3799882625 0.34765625 0.377053990625 0.345703125 0.37411971875 0.345703125 0.3418427234375 0.34765625 0.33890845 0.34765625 0.33303990625 0.349609375 0.330105634375 0.349609375 0.3271713609375 0.3515625 0.32423708906250004 0.3515625 0.3183685453125 0.353515625 0.315434271875 0.353515625 0.309565728125 0.35546875 0.3066314546875 0.35546875 0.30076291093749996 0.357421875 0.2978286390625 0.357421875 0.294894365625 0.359375 0.29196009375 0.35546875 0.28609155 0.35546875 0.2714201875 0.3544921875 0.2699530515625 0.3447265625 0.2699530515625 0.3427734375 0.2728873234375 0.3388671875 0.2728873234375 0.330078125 0.28609155 0.330078125 0.294894365625 0.328125 0.2978286390625 0.328125 0.3213028171875 0.330078125 0.32423708906250004 0.328125 0.3271713609375 0.328125 0.330105634375 0.32421875 0.33597417812499997 0.32421875 0.33890845 0.326171875 0.3418427234375 0.326171875 0.3535798125 0.3251953125 0.3550469484375 0.3232421875 0.3521126765625 0.322265625 0.3535798125 0.322265625 0.35944835625 0.3203125 0.3623826296875 0.3203125 0.3653169015625 0.318359375 0.36825117343749997 0.318359375 0.3799882625 0.31640625 0.38292253593750003 0.31640625 0.397593896875 0.3232421875 0.40786385000000003 0.3330078125 0.40786385000000003 0.333984375 0.40639671406250005 0.333984375 0.3917253515625 0.3359375 0.3887910796875 0.3359375 0.3858568078125 0.3369140625 0.384389671875
3 0.265625 0.30076291093749996 0.267578125 0.2978286390625 0.267578125 0.294894365625 0.2724609375 0.2875586859375 0.2744140625 0.2875586859375 0.2763671875 0.2904929578125 0.2783203125 0.2904929578125 0.2802734375 0.2875586859375 0.2822265625 0.2875586859375 0.2861328125 0.281690140625 0.2880859375 0.281690140625 0.2890625 0.2802230046875 0.2890625 0.26555164375 0.287109375 0.2626173703125 0.287109375 0.2596830984375 0.2861328125 0.2582159625 0.2705078125 0.2582159625 0.2685546875 0.255281690625 0.2646484375 0.255281690625 0.2626953125 0.2582159625 0.2607421875 0.255281690625 0.2529296875 0.255281690625 0.2509765625 0.2523474171875 0.2216796875 0.2523474171875 0.2197265625 0.255281690625 0.2177734375 0.255281690625 0.216796875 0.25674882656250003 0.216796875 0.2596830984375 0.2197265625 0.2640845078125 0.2216796875 0.2640845078125 0.22265625 0.26555164375 0.22265625 0.268485915625 0.224609375 0.2714201875 0.224609375 0.2802230046875 0.2294921875 0.2875586859375 0.2373046875 0.2875586859375 0.240234375 0.29196009375 0.240234375 0.2978286390625 0.2421875 0.30076291093749996 0.2421875 0.3036971828125 0.244140625 0.3066314546875 0.244140625 0.309565728125 0.24609375 0.3125 0.24609375 0.315434271875 0.2470703125 0.3169014078125 0.2509765625 0.3169014078125 0.251953125 0.315434271875 0.2529296875 0.3139671359375 0.2646484375 0.3139671359375 0.265625 0.3125 0.265625 0.30076291093749996
2 0.201171875 0.37411971875 0.201171875 0.3447769953125 0.2041015625 0.34037558749999997 0.2119140625 0.34037558749999997 0.212890625 0.3418427234375 0.212890625 0.3799882625 0.2138671875 0.3814553984375 0.2158203125 0.37852112656250003 0.2255859375 0.37852112656250003 0.2265625 0.3799882625 0.2265625 0.3917253515625 0.2275390625 0.3931924875 0.228515625 0.3917253515625 0.228515625 0.3858568078125 0.23046875 0.38292253593750003 0.23046875 0.37411971875 0.228515625 0.3711854453125 0.228515625 0.35064554062500003 0.2265625 0.3477112671875 0.2265625 0.33303990625 0.224609375 0.330105634375 0.224609375 0.3271713609375 0.2236328125 0.325704225 0.2158203125 0.325704225 0.2099609375 0.3345070421875 0.2041015625 0.3345070421875 0.2021484375 0.3315727703125 0.1982421875 0.3315727703125 0.1962890625 0.328638496875 0.1845703125 0.328638496875 0.181640625 0.33303990625 0.181640625 0.35064554062500003 0.18359375 0.3535798125 0.18359375 0.36825117343749997 0.185546875 0.3711854453125 0.185546875 0.3858568078125 0.1875 0.3887910796875 0.1875 0.39465962499999996 0.1904296875 0.3990610328125 0.19140625 0.397593896875 0.19140625 0.3887910796875 0.1943359375 0.384389671875 0.1982421875 0.384389671875 0.19921875 0.3858568078125 0.19921875 0.40052816875 0.2001953125 0.4019953046875 0.201171875 0.40052816875 0.201171875 0.397593896875 0.203125 0.39465962499999996 0.203125 0.377053990625 0.201171875 0.37411971875
4 0.23828125 0.294894365625 0.23828125 0.29196009375 0.2353515625 0.2875586859375 0.2138671875 0.2875586859375 0.212890625 0.28902582187500003 0.212890625 0.29196009375 0.21484375 0.294894365625 0.21484375 0.32423708906250004 0.2177734375 0.328638496875 0.2197265625 0.325704225 0.2216796875 0.325704225 0.22265625 0.32423708906250004 0.22265625 0.3066314546875 0.220703125 0.3036971828125 0.220703125 0.2978286390625 0.2216796875 0.296361503125 0.2236328125 0.296361503125 0.224609375 0.2978286390625 0.224609375 0.3036971828125 0.2265625 0.3066314546875 0.2265625 0.3271713609375 0.2294921875 0.3315727703125 0.2392578125 0.3315727703125 0.2412109375 0.3345070421875 0.2431640625 0.3345070421875 0.244140625 0.33303990625 0.244140625 0.309565728125 0.2421875 0.3066314546875 0.2421875 0.30076291093749996 0.23828125 0.294894365625
1 0.1787109375 0.34037558749999997 0.1796875 0.33890845 0.1796875 0.33303990625 0.181640625 0.330105634375 0.181640625 0.3125 0.1796875 0.309565728125 0.1796875 0.29196009375 0.177734375 0.28902582187500003 0.177734375 0.28609155 0.1767578125 0.28462441250000003 0.1611328125 0.28462441250000003 0.1591796875 0.2875586859375 0.1572265625 0.2875586859375 0.15625 0.28902582187500003 0.15625 0.29196009375 0.16015625 0.2978286390625 0.16015625 0.3213028171875 0.162109375 0.32423708906250004 0.162109375 0.33303990625 0.1640625 0.33597417812499997 0.1640625 0.3418427234375 0.1669921875 0.34624413125000003 0.16796875 0.3447769953125 0.1689453125 0.343309859375 0.1708984375 0.343309859375 0.1728515625 0.34037558749999997 0.1787109375 0.34037558749999997
3 0.3466796875 0.2699530515625 0.349609375 0.26555164375 0.349609375 0.2596830984375 0.3466796875 0.255281690625 0.3037109375 0.255281690625 0.30078125 0.2596830984375 0.30078125 0.27435445937499997 0.3037109375 0.27875586874999997 0.3330078125 0.27875586874999997 0.333984375 0.2772887328125 0.3369140625 0.2728873234375 0.3388671875 0.2728873234375 0.3408203125 0.2699530515625 0.3466796875 0.2699530515625
1 0 0.3271713609375 0.0009765625 0.328638496875 0.0107421875 0.328638496875 0.0126953125 0.3315727703125 0.013671875 0.330105634375 0.013671875 0.3271713609375 0.01171875 0.32423708906250004 0.01171875 0.3213028171875 0.0087890625 0.3169014078125 0.0068359375 0.3169014078125 0.0029296875 0.3110328640625 0.0009765625 0.3110328640625 0 0.3125 0 0.3271713609375
1 0 0.41813380312500004 0.0009765625 0.4196009390625 0.0126953125 0.4196009390625 0.013671875 0.41813380312500004 0.0185546875 0.410798121875 0.0205078125 0.410798121875 0.025390625 0.403462440625 0.0234375 0.40052816875 0.0234375 0.397593896875 0.021484375 0.39465962499999996 0.021484375 0.3887910796875 0.0234375 0.3858568078125 0.0234375 0.3711854453125 0.0224609375 0.369718309375 0.0185546875 0.369718309375 0.017578125 0.36825117343749997 0.017578125 0.3653169015625 0.021484375 0.3623826296875 0.021484375 0.35944835625 0.0185546875 0.3550469484375 0.0146484375 0.3550469484375 0.0126953125 0.3609154921875 0.0087890625 0.3609154921875 0.0078125 0.35944835625 0.0078125 0.3477112671875 0.005859375 0.3447769953125 0.005859375 0.3418427234375 0.0029296875 0.3374413140625 0.0009765625 0.3374413140625 0 0.33890845 0 0.41813380312500004
1 0 0.33890845 0.0009765625 0.34037558749999997 0.0029296875 0.34037558749999997 0.005859375 0.3447769953125 0.005859375 0.3477112671875 0.0078125 0.35064554062500003 0.0078125 0.356514084375 0.0107421875 0.3609154921875 0.0126953125 0.3609154921875 0.0166015625 0.3667840375 0.0185546875 0.3667840375 0.01953125 0.3653169015625 0.01953125 0.3623826296875 0.017578125 0.35944835625 0.017578125 0.356514084375 0.0234375 0.3477112671875 0.0234375 0.33890845 0.021484375 0.33597417812499997 0.021484375 0.33303990625 0.0087890625 0.3139671359375 0.0068359375 0.3139671359375 0.0029296875 0.3080985921875 0.0009765625 0.3080985921875 0 0.309565728125 0 0.33890845
1 0 0.3066314546875 0.0009765625 0.3080985921875 0.0048828125 0.3080985921875 0.015625 0.32423708906250004 0.015625 0.3271713609375 0.01953125 0.33303990625 0.01953125 0.33597417812499997 0.0205078125 0.3374413140625 0.0244140625 0.3374413140625 0.025390625 0.33597417812499997 0.025390625 0.330105634375 0.029296875 0.32423708906250004 0.029296875 0.3213028171875 0.0341796875 0.3139671359375 0.0361328125 0.3139671359375 0.0390625 0.309565728125 0.0390625 0.30076291093749996 0.0361328125 0.296361503125 0.0341796875 0.296361503125 0.0322265625 0.299295775 0.0087890625 0.299295775 0.0068359375 0.302230046875 0.0009765625 0.302230046875 0 0.3036971828125 0 0.3066314546875
1 0.0849609375 0.3169014078125 0.0869140625 0.3139671359375 0.0888671875 0.3139671359375 0.08984375 0.3125 0.08984375 0.309565728125 0.091796875 0.3066314546875 0.0908203125 0.30516431875 0.0849609375 0.30516431875 0.0830078125 0.3080985921875 0.0810546875 0.3080985921875 0.080078125 0.3066314546875 0.080078125 0.3036971828125 0.0810546875 0.302230046875 0.0849609375 0.302230046875 0.0869140625 0.299295775 0.0908203125 0.299295775 0.0927734375 0.302230046875 0.0947265625 0.302230046875 0.095703125 0.30076291093749996 0.095703125 0.294894365625 0.0947265625 0.2934272296875 0.0927734375 0.296361503125 0.0810546875 0.296361503125 0.0791015625 0.2934272296875 0.0595703125 0.2934272296875 0.0576171875 0.296361503125 0.0556640625 0.296361503125 0.0546875 0.2978286390625 0.0546875 0.3183685453125 0.0615234375 0.328638496875 0.0634765625 0.328638496875 0.0654296875 0.3315727703125 0.0693359375 0.3315727703125 0.0712890625 0.3345070421875 0.0732421875 0.3345070421875 0.07421875 0.33303990625 0.078125 0.3271713609375 0.078125 0.32423708906250004 0.0830078125 0.3169014078125 0.0849609375 0.3169014078125