2 0.1943359375 0.8845043796875001 0.197265625 0.87890625 0.1962890625 0.8658439484375 0.2197265625 0.8695760343750001 0.224609375 0.86397790625 0.2197265625 0.8509156046875 0.203125 0.83412121875 0.203125 0.7968003578125 0.2109375 0.7557474125 0.21875 0.7445511546875 0.220703125 0.699766121875 0.224609375 0.6811056921875001 0.224609375 0.640052746875 0.234375 0.6288564890624999 0.2421875 0.595267715625 0.244140625 0.5691431125 0.234375 0.5094297375 0.212890625 0.4758409640625 0.220703125 0.4422521890625 0.220703125 0.4273238453125 0.2099609375 0.40679737187500004 0.1943359375 0.410529459375 0.1875 0.423591759375 0.19140625 0.47210887812499996 0.1689453125 0.485171178125 0.142578125 0.539286425 0.134765625 0.576607284375 0.1376953125 0.6157941874999999 0.1416015625 0.608330015625 0.1494140625 0.6120621015625 0.1533203125 0.6045979296875 0.1591796875 0.6120621015625 0.1650390625 0.608330015625 0.171875 0.61766023125 0.173828125 0.640052746875 0.171875 0.669909434375 0.16015625 0.7072302953125 0.138671875 0.8415853906249999 0.138671875 0.9012987656250001 0.1435546875 0.91062898125 0.15234375 0.9087629375 0.1689453125 0.8621118624999999 0.1728515625 0.88077229375 0.1845703125 0.8882364656249999 0.1943359375 0.8845043796875001
2 0.373046875 0.7818720140625001 0.3779296875 0.7986664015625 0.3876953125 0.8023984875 0.390625 0.7968003578125 0.38671875 0.763211584375 0.390625 0.718426553125 0.39453125 0.7072302953125 0.39453125 0.610196059375 0.40234375 0.6027318875 0.40234375 0.5131618234374999 0.38671875 0.49450139374999996 0.390625 0.468376790625 0.3818359375 0.44785031875000003 0.37109375 0.45344844687499997 0.3671875 0.4646447046875 0.369140625 0.4907693078125 0.3515625 0.516893909375 0.34375 0.5504826828125 0.33984375 0.595267715625 0.34765625 0.595267715625 0.34765625 0.58407145625 0.3564453125 0.5560808125000001 0.359375 0.5579468546874999 0.359375 0.58780354375 0.3544921875 0.5896695859375 0.3515625 0.6064639734374999 0.34375 0.61766023125 0.337890625 0.6437848328125 0.33984375 0.67737360625 0.330078125 0.703498209375 0.33203125 0.778139928125 0.3349609375 0.78747014375 0.3388671875 0.78747014375 0.341796875 0.77067575625 0.3505859375 0.7576134546875 0.35546875 0.7744078421875 0.35546875 0.8191928734375 0.361328125 0.8229249609375 0.365234375 0.8154607875 0.3720703125 0.7688097140625 0.375 0.77067575625 0.373046875 0.7818720140625001
2 0.4453125 0.8042645296875 0.4482421875 0.809862659375 0.45703125 0.807996615625 0.458984375 0.7818720140625001 0.455078125 0.7744078421875 0.455078125 0.7072302953125 0.451171875 0.6885698640625 0.451171875 0.5915356296875001 0.4580078125 0.6120621015625 0.46484375 0.610196059375 0.45703125 0.539286425 0.4501953125 0.5187599515625 0.44140625 0.5131618234374999 0.44140625 0.47957305000000006 0.4365234375 0.47024283437500003 0.4248046875 0.47024283437500003 0.419921875 0.47957305000000006 0.421875 0.516893909375 0.41015625 0.531822253125 0.40234375 0.5691431125 0.40234375 0.58780354375 0.41015625 0.5915356296875001 0.404296875 0.61766023125 0.404296875 0.6587131765625001 0.408203125 0.67737360625 0.404296875 0.7146944671875 0.412109375 0.725890725 0.412109375 0.7370869828125 0.416015625 0.74081906875 0.41015625 0.748283240625 0.41015625 0.763211584375 0.421875 0.77067575625 0.419921875 0.7893361859375 0.423828125 0.8005324437500001 0.423828125 0.83412121875 0.4296875 0.83412121875 0.44140625 0.763211584375 0.4423828125 0.72402468125 0.447265625 0.748283240625 0.4453125 0.8042645296875
2 0.53125 0.7818720140625001 0.53125 0.6624452625 0.529296875 0.6363206609375001 0.5234375 0.625124403125 0.5234375 0.5803393703124999 0.5263671875 0.5747412421875 0.5302734375 0.5784733281250001 0.5419921875 0.608330015625 0.5478515625 0.608330015625 0.548828125 0.5989998015625 0.53125 0.5355543390624999 0.515625 0.516893909375 0.513671875 0.4833051359375 0.5029296875 0.47770700625 0.49609375 0.4907693078125 0.498046875 0.516893909375 0.4892578125 0.5262241234375 0.482421875 0.5430185109375001 0.4765625 0.5915356296875001 0.4814453125 0.6045979296875 0.48828125 0.610196059375 0.48828125 0.6437848328125 0.484375 0.6587131765625001 0.48828125 0.71096238125 0.482421875 0.7370869828125 0.490234375 0.748283240625 0.4921875 0.7968003578125 0.4990234375 0.7986664015625 0.5029296875 0.7912022296875 0.50390625 0.8266570468750001 0.5087890625 0.839719346875 0.513671875 0.8378533046875001 0.5224609375 0.780005971875 0.525390625 0.807996615625 0.53515625 0.807996615625 0.53125 0.7818720140625001
2 0.625 0.7520153265625 0.625 0.807996615625 0.6337890625 0.8210589171875 0.640625 0.8191928734375 0.640625 0.8005324437500001 0.634765625 0.7744078421875 0.6328125 0.61766023125 0.64453125 0.6064639734374999 0.64453125 0.5691431125 0.634765625 0.5131618234374999 0.6259765625 0.4963674359375 0.615234375 0.487037221875 0.6171875 0.445984275 0.6025390625 0.432921975 0.59375 0.4497163609375 0.595703125 0.4907693078125 0.580078125 0.5131618234374999 0.572265625 0.5915356296875001 0.5771484375 0.6008658437500001 0.5830078125 0.6008658437500001 0.587890625 0.6139281453125001 0.583984375 0.6512490046875 0.5859375 0.6923019499999999 0.58203125 0.7221586390625 0.595703125 0.74081906875 0.6015625 0.8378533046875001 0.6044921875 0.8434514328124999 0.611328125 0.8415853906249999 0.6171875 0.778139928125 0.615234375 0.7146944671875 0.6181640625 0.7090963375 0.625 0.7520153265625
2 0.919921875 0.6811056921875001 0.919921875 0.6288564890624999 0.9228515625 0.6195262734375 0.9267578125 0.6195262734375 0.939453125 0.640052746875 0.9365234375 0.6531150484375 0.927734375 0.654981090625 0.9287109375 0.66431130625 0.9482421875 0.6680433921875 0.953125 0.6512490046875 0.943359375 0.6213923171875 0.91796875 0.5803393703124999 0.921875 0.546750596875 0.919921875 0.539286425 0.9052734375 0.5299562109375 0.896484375 0.546750596875 0.896484375 0.5728751984375 0.8837890625 0.5784733281250001 0.869140625 0.61766023125 0.869140625 0.6363206609375001 0.880859375 0.669909434375 0.880859375 0.7221586390625 0.873046875 0.807996615625 0.865234375 0.8303891328124999 0.865234375 0.8415853906249999 0.8720703125 0.84718351875 0.876953125 0.8378533046875001 0.875 0.8266570468750001 0.8779296875 0.809862659375 0.8798828125 0.8285230890624999 0.8857421875 0.8285230890624999 0.890625 0.8191928734375 0.89453125 0.793068271875 0.890625 0.7856041 0.890625 0.77067575625 0.8974609375 0.765077628125 0.89453125 0.7856041 0.908203125 0.7968003578125 0.912109375 0.8565137343749999 0.9169921875 0.8695760343750001 0.919921875 0.8677099921875 0.92578125 0.8490495625 0.92578125 0.725890725 0.923828125 0.6923019499999999 0.919921875 0.6811056921875001
2 0.779296875 0.64751691875 0.775390625 0.610196059375 0.76171875 0.5915356296875001 0.763671875 0.5579468546874999 0.7587890625 0.5486166406249999 0.7451171875 0.5523487265625 0.7421875 0.561678940625 0.744140625 0.58780354375 0.7265625 0.6064639734374999 0.732421875 0.6288564890624999 0.732421875 0.6437848328125 0.7275390625 0.6456508765625 0.7216796875 0.63072253125 0.720703125 0.64751691875 0.70703125 0.6661773484375 0.708984375 0.6811056921875001 0.705078125 0.7221586390625 0.7080078125 0.738953025 0.7177734375 0.731488853125 0.71875 0.7221586390625 0.7314453125 0.701632165625 0.734375 0.703498209375 0.734375 0.7296228109375 0.728515625 0.7669436703125 0.728515625 0.8042645296875 0.7333984375 0.8285230890624999 0.7412109375 0.8359872609375 0.748046875 0.83412121875 0.76171875 0.8117287015624999 0.771484375 0.7744078421875 0.76953125 0.654981090625 0.779296875 0.64751691875
2 0.8359375 0.67737360625 0.8359375 0.6437848328125 0.8427734375 0.6232583593750001 0.8544921875 0.6232583593750001 0.85546875 0.6064639734374999 0.83203125 0.5430185109375001 0.8125 0.5094297375 0.81640625 0.501965565625 0.814453125 0.487037221875 0.8095703125 0.47770700625 0.7978515625 0.47770700625 0.79296875 0.487037221875 0.79296875 0.516893909375 0.7822265625 0.5224920375 0.779296875 0.531822253125 0.78125 0.58780354375 0.77734375 0.5989998015625 0.77734375 0.6213923171875 0.78125 0.6288564890624999 0.783203125 0.6624452625 0.7734375 0.6661773484375 0.7734375 0.7669436703125 0.7822265625 0.794934315625 0.7958984375 0.765077628125 0.796875 0.7893361859375 0.7998046875 0.794934315625 0.8154296875 0.8061305734375 0.8212890625 0.8023984875 0.8330078125 0.832255175 0.83984375 0.8303891328124999 0.84765625 0.8117287015624999 0.8515625 0.763211584375 0.845703125 0.703498209375 0.8359375 0.67737360625
2 0.693359375 0.748283240625 0.697265625 0.7557474125 0.697265625 0.7893361859375 0.7001953125 0.794934315625 0.7109375 0.793068271875 0.703125 0.763211584375 0.705078125 0.7370869828125 0.701171875 0.703498209375 0.708984375 0.5430185109375001 0.7021484375 0.5262241234375 0.6962890625 0.5262241234375 0.69140625 0.516893909375 0.69140625 0.49450139374999996 0.6865234375 0.485171178125 0.673828125 0.4907693078125 0.673828125 0.5206259953125 0.666015625 0.5355543390624999 0.662109375 0.5728751984375 0.65625 0.58780354375 0.66015625 0.6064639734374999 0.638671875 0.632588575 0.640625 0.6587131765625001 0.65234375 0.6923019499999999 0.6484375 0.7221586390625 0.66015625 0.7296228109375 0.65625 0.8005324437500001 0.6591796875 0.809862659375 0.66796875 0.807996615625 0.677734375 0.778139928125 0.6865234375 0.716560509375 0.69140625 0.7221586390625 0.693359375 0.748283240625
2 0.30859375 0.640052746875 0.3212890625 0.6045979296875 0.330078125 0.6027318875 0.328125 0.546750596875 0.322265625 0.5355543390624999 0.326171875 0.4982334796875 0.3193359375 0.485171178125 0.30859375 0.487037221875 0.306640625 0.5280901671875 0.2919921875 0.5374203828125 0.271484375 0.5915356296875001 0.271484375 0.6027318875 0.267578125 0.610196059375 0.271484375 0.632588575 0.267578125 0.654981090625 0.2578125 0.6624452625 0.25390625 0.6960340359375 0.255859375 0.77067575625 0.2705078125 0.7352209390625 0.28125 0.725890725 0.28125 0.7072302953125 0.2841796875 0.7053642515625 0.28515625 0.763211584375 0.28125 0.7818720140625001 0.2919921875 0.7912022296875 0.29296875 0.8042645296875 0.296875 0.8042645296875 0.30078125 0.7893361859375 0.30078125 0.7520153265625 0.306640625 0.71096238125 0.30859375 0.640052746875
2 0.568359375 0.74081906875 0.572265625 0.7818720140625001 0.5751953125 0.78747014375 0.5859375 0.7856041 0.578125 0.7669436703125 0.580078125 0.61766023125 0.578125 0.6027318875 0.572265625 0.595267715625 0.580078125 0.5131618234374999 0.572265625 0.501965565625 0.57421875 0.47957305000000006 0.5673828125 0.4627786625 0.5634765625 0.4627786625 0.5546875 0.47957305000000006 0.5546875 0.501965565625 0.54296875 0.5131618234374999 0.537109375 0.546750596875 0.5390625 0.5654110265625001 0.552734375 0.6064639734374999 0.5498046875 0.6120621015625 0.5361328125 0.6120621015625 0.533203125 0.625124403125 0.533203125 0.6661773484375 0.537109375 0.6923019499999999 0.53515625 0.7296228109375 0.5439453125 0.7277567671875 0.546875 0.733354896875 0.544921875 0.7744078421875 0.55078125 0.7818720140625001 0.55078125 0.8042645296875 0.5546875 0.8042645296875 0.55859375 0.7893361859375 0.560546875 0.7520153265625 0.5654296875 0.738953025 0.568359375 0.74081906875