4 0.31831050625 1 0.39716796875 0.99835069375 0.43623046875 0.8907118046875 0.47431640625 0.823003471875 0.49580078125 0.8091145828125 0.55048828125 0.8021701390624999 0.55244140625 0.798697915625 0.62861328125 0.798697915625 0.63251953125 0.8021701390624999 0.63154296875 0.7865451375 0.61298828125 0.760503471875 0.58759765625 0.736197915625 0.54658203125 0.7188368046875 0.53095703125 0.7188368046875 0.51533203125 0.7118923609375 0.40009765625 0.704947915625 0.39814453125 0.7084201375 0.34931640625 0.7084201375 0.33955078125 0.7118923609375 0.33369140625 0.7188368046875 0.32001953125 0.7223090265625001 0.31123046875 0.7344618046875 0.31123046875 0.7414062484375 0.28779296875 0.8177951390624999 0.27216796875 0.8976562484375 0.26240234375 0.9289062484375 0.2578125 0.9642650453125 0.2578125 0.997135415625 0.259423828125 1 0.290771484375 1 0.29267578125 0.9966145828125 0.31220703125 0.9966145828125 0.314111328125 1 0.31831050625 1
4 0.436474609375 1 0.43828125 0.9967881953125 0.4822265625 0.9985243046875001 0.4861328125 0.991579859375 0.4861328125 0.8943576390624999 0.4841796875 0.8908854171874999 0.4861328125 0.88046875 0.4861328125 0.8526909734375 0.4841796875 0.84921875 0.4861328125 0.8457465281250001 0.48125 0.8370659734375 0.46171875 0.83359375 0.4421875 0.8231770828125 0.412890625 0.819704859375 0.4109375 0.8162326390624999 0.373828125 0.8162326390624999 0.371875 0.8127604171874999 0.311328125 0.8092881953125 0.309375 0.8058159734375 0.23125 0.8058159734375 0.229296875 0.80234375 0.143359375 0.80234375 0.14140625 0.8058159734375 0.090625 0.8127604171874999 0.076953125 0.819704859375 0.059375 0.8405381953125 0.0408203125 0.8769965281250001 0.0310546875 0.9047743046875001 0.0212890625 0.9221354171874999 0.0015625 0.985898040625 0.0015625 0.9947048609375001 0.004541015625 1 0.004833984375 1 0.006640625 0.9967881953125 0.0120605453125 1 0.012646484375 1 0.014453125 0.9967881953125 0.05546875 0.9967881953125 0.057275390625 1 0.057568359375 1 0.059375 0.9967881953125 0.0684082015625 1 0.06943359375 1 0.073046875 0.9967881953125 0.0802734359375 1 0.125927734375 1 0.127734375 0.9967881953125 0.162890625 0.9967881953125 0.164697265625 1 0.284130859375 1 0.2859375 0.9967881953125 0.287744140625 1 0.313427734375 1 0.315234375 0.9967881953125 0.31884765625 1 0.31943359375 1 0.323046875 0.9967881953125 0.32666015625 1 0.327099609375 1 0.32890625 0.9967881953125 0.3343261703125 1 0.344677734375 1 0.346484375 0.9967881953125 0.35009765625 1 0.393505859375 1 0.3953125 0.9967881953125 0.4109375 0.9967881953125 0.412744140625 1 0.41318359375 1 0.416796875 0.9967881953125 0.4258300765625 1 0.436474609375 1
4 0.13203125 0.8197916656249999 0.159497071875 0.8328125 0.164746090625 0.8328125 0.1681640625 0.83194444375 0.1701171875 0.828472221875 0.1701171875 0.6375 0.1681640625 0.634027778125 0.1701171875 0.6201388890625 0.1671875 0.6149305546875 0.157421875 0.6114583328125 0.087109375 0.6114583328125 0.063671875 0.621875 0.0470703125 0.6513888890625 0.0294921875 0.7 0.0138671875 0.7208333328125 0.0041015625 0.7555555546875 0.0001953125 0.7798611109375 0.0001953125 0.797222221875 0.005078125 0.805902778125 0.044140625 0.8024305546875 0.04609375 0.805902778125 0.063671875 0.805902778125 0.065625 0.809375 0.096875 0.812847221875 0.1125 0.8197916656249999 0.13203125 0.8197916656249999
4 0.119921875 0.6636284703124999 0.1140625 0.66809275625 0.1140625 0.67578125 0.1150390625 0.6827256937499999 0.119921875 0.6914062484375 0.123828125 0.6914062484375 0.1287109375 0.7000868046875001 0.1267578125 0.7070312484375 0.135546875 0.7191840265625 0.14921875 0.7261284703124999 0.158984375 0.7261284703124999 0.174609375 0.7365451375000001 0.198046875 0.7608506937499999 0.22495561249999999 0.7984375 0.251025334375 0.7984375 0.2986328125 0.7973090265625 0.3025390625 0.7625868046875001 0.3142578125 0.717447915625 0.3259765625 0.7035590265625 0.3318359375 0.6827256937499999 0.3318359375 0.6723090265625 0.33671875 0.670572915625 0.3572265625 0.6271701375000001 0.3572265625 0.6202256937499999 0.3455078125 0.5855034703124999 0.326953125 0.5559895828125 0.3171875 0.5559895828125 0.307421875 0.5490451375000001 0.287890625 0.5421006937499999 0.272265625 0.5421006937499999 0.2703125 0.5386284703124999 0.26640625 0.5421006937499999 0.256640625 0.5421006937499999 0.2546875 0.5386284703124999 0.21953125 0.5421006937499999 0.217578125 0.5386284703124999 0.215625 0.5421006937499999 0.19609375 0.5421006937499999 0.186328125 0.5490451375000001 0.174609375 0.545572915625 0.1482421875 0.592447915625 0.1326171875 0.654947915625 0.123828125 0.6671006937499999 0.119921875 0.6636284703124999
4 0.602734375 0.8849826406249999 0.6139257812500001 0.9015625 0.620166021875 0.9015625 0.6271484375 0.9006076406249999 0.653515625 0.8745659734375 0.6623046875 0.8728298609375 0.6681640625 0.85546875 0.6720703125 0.8276909734375 0.6837890625 0.7894965296875001 0.6857421875 0.775607640625 0.6837890625 0.7478298609375 0.68671875 0.7356770828125 0.692578125 0.7356770828125 0.6955078125 0.73046875 0.69453125 0.725260415625 0.6984375 0.728732640625 0.708203125 0.718315971875 0.7296875 0.7078993046875001 0.762890625 0.7044270828125 0.76875 0.697482640625 0.770703125 0.7009548609375 0.7755859375 0.69921875 0.7697265625 0.678385415625 0.7658203125 0.650607640625 0.7599609375 0.63671875 0.7638671875 0.6297743046875001 0.7638671875 0.6124131937499999 0.774609375 0.6106770828125 0.7775390625 0.60546875 0.7794921875 0.577690971875 0.774609375 0.572482640625 0.762890625 0.5863715296875001 0.7580078125 0.577690971875 0.7560546875 0.5290798609375 0.7521484375 0.51171875 0.7501953125 0.47352430468750006 0.7248046875 0.431857640625 0.7267578125 0.41102430468750006 0.721875 0.3953993046875 0.71796875 0.3953993046875 0.712109375 0.40581597187499996 0.70625 0.3953993046875 0.69453125 0.3953993046875 0.692578125 0.3919270828125 0.673046875 0.3919270828125 0.661328125 0.39887152812500004 0.649609375 0.39887152812500004 0.64765625 0.3953993046875 0.6203125 0.3953993046875 0.618359375 0.39887152812500004 0.614453125 0.3953993046875 0.583203125 0.3953993046875 0.567578125 0.40234375 0.565625 0.39887152812500004 0.555859375 0.39887152812500004 0.551953125 0.3884548609375 0.548046875 0.3919270828125 0.544140625 0.3849826390625 0.53828125 0.3849826390625 0.5314453125 0.39019097187499996 0.5294921875 0.4075520828125 0.52265625 0.41276041562500004 0.5138671875 0.431857640625 0.5099609375 0.49088541562500004 0.5041015625 0.5290798609375 0.5060546875 0.553385415625 0.5001953125 0.5603298609375 0.5001953125 0.5672743046875001 0.516796875 0.572482640625 0.5421875 0.58984375 0.5529296875 0.608940971875 0.5666015625 0.6575520828125 0.5666015625 0.6644965296875001 0.5744140625 0.681857640625 0.5744140625 0.6922743046875001 0.5822265625 0.713107640625 0.5822265625 0.7200520828125 0.6134765625 0.7374131937499999 0.6154296875 0.7547743046875001 0.6095703125 0.772135415625 0.59296875 0.77734375 0.5900390625 0.7860243046875001 0.5919921875 0.8485243062500001 0.5939453125 0.8519965296875001 0.5919921875 0.8832465296875001 0.594921875 0.8884548609375 0.602734375 0.8849826406249999
4 0.9728515625 0.9706597218749999 0.9748046875 0.9151041671875 0.9728515625 0.9081597218749999 0.9826171875 0.84913194375 0.9787109375 0.776215278125 0.985546875 0.7640625 0.9953125 0.7640625 0.9982421875 0.7588541671875 0.9982421875 0.7414930546875 0.993359375 0.7362847218749999 0.9796875 0.73975694375 0.9708984375 0.7310763890625 0.9669921875 0.7171875 0.9669921875 0.6998263890625 0.9533203125 0.6581597218749999 0.9513671875 0.6407986109375 0.9455078125 0.63038194375 0.9416015625 0.6130208328125 0.9357421875 0.6060763890625 0.934765625 0.5973958328125 0.92109375 0.58350694375 0.907421875 0.58350694375 0.883984375 0.573090278125 0.8625 0.573090278125 0.860546875 0.5696180546875 0.856640625 0.573090278125 0.852734375 0.5696180546875 0.8390625 0.573090278125 0.837109375 0.5696180546875 0.829296875 0.5800347218749999 0.8234375 0.5696180546875 0.81171875 0.5696180546875 0.809765625 0.573090278125 0.805859375 0.5696180546875 0.78046875 0.5696180546875 0.778515625 0.573090278125 0.753125 0.573090278125 0.73359375 0.58350694375 0.7169921875 0.6095486109375 0.7033203125 0.6442708328125 0.7013671875 0.66163194375 0.6935546875 0.6720486109375 0.6935546875 0.6789930546875 0.6876953125 0.6894097218749999 0.6837890625 0.713715278125 0.6740234375 0.7345486109375 0.6720703125 0.7692708328125 0.675 0.7779513890625 0.684765625 0.7814236109375 0.6916015625 0.7935763890625 0.69453125 0.8092013890624999 0.716015625 0.8126736109375001 0.71796875 0.8161458328125001 0.739453125 0.8161458328125001 0.74140625 0.8196180546875 0.76875 0.8196180546875 0.7921875 0.8300347218749999 0.844921875 0.8439236109375001 0.856640625 0.8508680546875 0.864453125 0.8612847218749999 0.872265625 0.8612847218749999 0.8732421875 0.869965278125 0.883984375 0.8890625 0.887890625 0.8890625 0.891796875 0.9029513890624999 0.9044921875 0.9185763890624999 0.9044921875 0.9289930546875 0.9123046875 0.94288194375 0.9142578125 0.9532986109375001 0.9201171875 0.9602430546875 0.9201171875 0.9671875 0.930859375 0.98975694375 0.938671875 0.9967013890624999 0.9591796875 0.994965278125 0.9748046875 0.9845486109375001 0.9728515625 0.9706597218749999
4 0.8642578125 0.565972221875 0.8896484375 0.565972221875 0.8916015625 0.5694444437499999 0.9248046875 0.5729166671875 0.9423828125 0.5868055562500001 0.953125 0.6024305562500001 0.955078125 0.6024305562500001 0.95703125 0.5885416671875 0.95703125 0.543402778125 0.966796875 0.4739583328125 0.966796875 0.45659722187499996 0.9736328125 0.4375 0.9853515625 0.43402777812500004 0.98828125 0.42881944375 0.9873046875 0.4236111109375 0.98046875 0.41840277812500004 0.9873046875 0.4166666671875 0.98828125 0.4114583328125 0.9755859375 0.40972222187499996 0.9638671875 0.4166666671875 0.9599609375 0.40625 0.9462890625 0.40625 0.9443359375 0.40972222187499996 0.9072265625 0.41319444375 0.8896484375 0.4236111109375 0.87890625 0.453125 0.876953125 0.47743055625 0.87109375 0.4982638890625 0.873046875 0.519097221875 0.86328125 0.543402778125 0.861328125 0.5607638890625 0.8642578125 0.565972221875
5 0.826171875 0.42881944375 0.830078125 0.44618055625 0.83203125 0.484375 0.84375 0.5017361109375 0.845703125 0.5225694437499999 0.853515625 0.5329861109375 0.8642578125 0.53125 0.87109375 0.519097221875 0.869140625 0.4947916671875 0.875 0.47743055625 0.875 0.46006944375 0.87890625 0.453125 0.8828125 0.4322916671875 0.8935546875 0.4166666671875 0.9033203125 0.4166666671875 0.9150390625 0.40972222187499996 0.9306640625 0.40972222187499996 0.9326171875 0.40625 0.9814453125 0.40625 0.9833984375 0.40972222187499996 0.9853515625 0.40625 0.9912109375 0.40972222187499996 0.9921875 0.41840277812500004 0.994140625 0.41840277812500004 0.998046875 0.4010416671875 0.998046875 0.3767361109375 0.9921875 0.328125 0.994140625 0.32465277812500004 0.9921875 0.32118055624999997 0.9921875 0.29340277812500004 0.98828125 0.25868055624999997 0.9775390625 0.23263888906250002 0.9619140625 0.222222221875 0.9248046875 0.21875 0.9228515625 0.222222221875 0.8642578125 0.22569444375 0.8505859375 0.23263888906250002 0.841796875 0.24479166718749998 0.8359375 0.265625 0.8359375 0.2864583328125 0.83203125 0.3072916671875 0.83203125 0.35590277812500004 0.830078125 0.36284722187499996 0.833984375 0.38368055624999997 0.826171875 0.4079861109375 0.828125 0.4114583328125 0.826171875 0.42881944375
1 0.322265625 0.6470486109375 0.3203125 0.65399305625 0.3203125 0.6991319453125 0.4130859375 0.704340278125 0.4150390625 0.7078125 0.4384765625 0.7078125 0.440234375 0.7109375 0.440625 0.7109375 0.4423828125 0.7078125 0.444140625 0.7109375 0.44648438125 0.7109375 0.455078125 0.7095486109375 0.45703125 0.7026041671875001 0.44921875 0.688715278125 0.447265625 0.6644097234374999 0.4521484375 0.6592013890625 0.4599609375 0.6592013890625 0.466796875 0.650520834375 0.466796875 0.6401041671875001 0.4765625 0.6053819453125 0.4765625 0.594965278125 0.484375 0.5776041671875001 0.484375 0.5046875 0.478515625 0.4907986109375 0.4697265625 0.47864583437499997 0.4501953125 0.47170138906250003 0.4169921875 0.4682291671875 0.4150390625 0.46475694531249995 0.3603515625 0.46475694531249995 0.3369140625 0.4751736109375 0.326171875 0.5046875 0.326171875 0.556770834375 0.32421875 0.56024305625 0.326171875 0.563715278125 0.32421875 0.5671875 0.32421875 0.6123263890625 0.3203125 0.6401041671875001 0.322265625 0.6470486109375
1 0.0408203125 0.5155381953125 0.040625 0.51727430625 0.040625 0.5360243062500001 0.041796875 0.5381076390625 0.073046875 0.545052084375 0.0984375 0.5589409734374999 0.1072265625 0.5710937515625 0.1228515625 0.6162326390625 0.125146484375 0.6203125 0.12895508125 0.6203125 0.1306640625 0.6197048625 0.147265625 0.61102430625 0.194140625 0.607552084375 0.1970703125 0.6023437515625 0.1970703125 0.53289930625 0.1951171875 0.5190104171875001 0.184375 0.5033854171875001 0.174609375 0.4964409734375 0.158984375 0.4964409734375 0.15703125 0.4929687515625 0.14140625 0.4929687515625 0.121875 0.48602430625000004 0.065234375 0.489496528125 0.057421875 0.4964409734375 0.0515625 0.4964409734375 0.0408203125 0.5155381953125
4 0.0654296875 0.4513888890625 0.0263671875 0.4513888890625 0.0244140625 0.4548611109375 0.0048828125 0.4548611109375 0.0009765625 0.4583333328125 0 0.6024305562500001 0.0087890625 0.6006944437499999 0.0166015625 0.590277778125 0.0244140625 0.5868055562500001 0.02734375 0.5885416671875 0.0283203125 0.6006944437499999 0.0361328125 0.6006944437499999 0.037109375 0.5850694437499999 0.0322265625 0.5868055562500001 0.03125 0.581597221875 0.037109375 0.5711805562500001 0.0390625 0.5607638890625 0.0390625 0.5260416671875 0.041015625 0.519097221875 0.0478515625 0.5069444437499999 0.0615234375 0.49652777812500004 0.0908203125 0.4895833328125 0.09375 0.484375 0.091796875 0.47743055625 0.0810546875 0.4583333328125 0.0654296875 0.4513888890625
4 0.021484375 0.4392361109375 0.0224609375 0.4479166671875 0.0751953125 0.4513888890625 0.0830078125 0.4583333328125 0.0966796875 0.4861111109375 0.1015625 0.48784722187499996 0.15625 0.484375 0.154296875 0.4635416671875 0.150390625 0.45659722187499996 0.150390625 0.4392361109375 0.1357421875 0.40277777812500004 0.1201171875 0.3958333328125 0.0810546875 0.3958333328125 0.0791015625 0.39930555624999997 0.0458984375 0.40277777812500004 0.0302734375 0.41319444375 0.021484375 0.4392361109375
4 0.7087890625 0.44288194374999995 0.7046875 0.45260416562500005 0.7046875 0.47636408750000003 0.709765625 0.4828125 0.7283203125 0.4810763890625 0.737109375 0.479340278125 0.7400390625 0.47413194374999995 0.7419921875 0.432465278125 0.7576171875 0.4046875 0.7576171875 0.3942708328125 0.764453125 0.3751736109375 0.780078125 0.3786458328125 0.7859375 0.3890625 0.799609375 0.3890625 0.8015625 0.392534721875 0.8064453125 0.3838541671875 0.79765625 0.3682291671875 0.7859375 0.3682291671875 0.783984375 0.36475694375 0.733203125 0.36475694375 0.725390625 0.3682291671875 0.7126953125 0.41163194374999995 0.7087890625 0.44288194374999995
4 0.58046875 0.35069444375000003 0.56875 0.34375 0.516015625 0.34375 0.5072265625 0.35243055624999997 0.5046875 0.3682291671875 0.5046875 0.3807870375 0.50625 0.3854166671875 0.531640625 0.3854166671875 0.543359375 0.3923611109375 0.5462890625 0.39756944375000003 0.5482421875 0.41493055625 0.551171875 0.4201388890625 0.5580078125 0.421875 0.584375 0.4201388890625 0.5931640625 0.41493055625 0.5951171875 0.4079861109375 0.5873046875 0.38368055624999997 0.5873046875 0.3697916671875 0.58046875 0.35069444375000003
4 0.474609375 0.45277777812500003 0.47552734374999994 0.4609375 0.48583985625 0.4609375 0.509765625 0.459722221875 0.51171875 0.44583333437499995 0.501953125 0.39027777812500003 0.494140625 0.365972221875 0.4833984375 0.350347221875 0.4638671875 0.346875 0.4619140625 0.34340277812500003 0.4599609375 0.346875 0.4189453125 0.346875 0.412109375 0.35902777812500003 0.41015625 0.365972221875 0.412109375 0.39375 0.4189453125 0.4163194453125 0.4599609375 0.4232638890625 0.46875 0.43541666718750005 0.46875 0.44236111093749997 0.474609375 0.45277777812500003
1 0.5734375 0.31243055468750003 0.5734375 0.3796875 0.57607421875 0.3796875 0.5794921875 0.3736111109375 0.5794921875 0.366666665625 0.586328125 0.35451388906250003 0.5921875 0.351041665625 0.625390625 0.351041665625 0.63125 0.34409722187499997 0.641015625 0.34409722187499997 0.6439453125 0.335416665625 0.6419921875 0.3111111109375 0.63515625 0.2989583328125 0.58046875 0.2989583328125 0.5765625 0.3024305546875 0.5734375 0.31243055468750003
1 0.45703125 0.32465277812500004 0.45703125 0.3385416671875 0.4599609375 0.34375 0.4970703125 0.34375 0.5048828125 0.34722222187499996 0.509765625 0.359375 0.5126953125 0.3611111109375 0.5224609375 0.34375 0.52734375 0.3420138890625 0.52734375 0.32118055624999997 0.5185546875 0.30555555624999997 0.4658203125 0.30902777812500004 0.45703125 0.32465277812500004
1 0.4890625 0.2776041671875 0.484375 0.2859375 0.484375 0.3005208328125 0.49296875 0.301909721875 0.4978515625 0.3140625 0.4978515625 0.3244791671875 0.50224609375 0.3296875 0.5041015625 0.3296875 0.5076171875 0.3140625 0.51640625 0.3053819453125 0.54375 0.3053819453125 0.549609375 0.3088541671875 0.5505859375 0.286284721875 0.541796875 0.2741319453125 0.496875 0.2741319453125 0.4890625 0.2776041671875
4 0.6845703125 0.30902777812500004 0.6455078125 0.30902777812500004 0.64453125 0.35243055624999997 0.646484375 0.3697916671875 0.64453125 0.3802083328125 0.646484375 0.38368055624999997 0.6533203125 0.3854166671875 0.6611328125 0.36805555624999997 0.6669921875 0.36805555624999997 0.6748046875 0.3854166671875 0.6962890625 0.38194444375000003 0.7001953125 0.3854166671875 0.70703125 0.3732638890625 0.70703125 0.35243055624999997 0.697265625 0.32465277812500004 0.6845703125 0.30902777812500004
4 0.693359375 0.3142361109375 0.701171875 0.32465277812500004 0.708984375 0.359375 0.7177734375 0.3611111109375 0.7197265625 0.3576388890625 0.71875 0.36284722187499996 0.78125 0.36284722187499996 0.78125 0.3385416671875 0.7734375 0.296875 0.771484375 0.27256944375000003 0.7646484375 0.25694444375000003 0.7587890625 0.25347222187499996 0.7236328125 0.25347222187499996 0.7060546875 0.2604166671875 0.703125 0.265625 0.703125 0.2760416671875 0.69921875 0.28993055624999997 0.69921875 0.3072916671875 0.693359375 0.3142361109375
4 0.8291015625 0.312170515625 0.8134765625 0.3156427375 0.802734375 0.3486288484375 0.796875 0.383351071875 0.796875 0.4076566265625 0.802734375 0.41807329375 0.8212890625 0.41633718281250004 0.82421875 0.4076566265625 0.828125 0.3798788484375 0.8272077796874999 0.3584790484375 0.8291015625 0.343420515625 0.83203125 0.3382121828125 0.83203125 0.3173788484375 0.8291015625 0.312170515625
3 0.5322265625 0.055555556250000006 0.5205078125 0.059027778125 0.509765625 0.074652778125 0.5078125 0.112847221875 0.50390625 0.1302083328125 0.5078125 0.26909722187499996 0.5283203125 0.2708333328125 0.5390625 0.2552083328125 0.546875 0.237847221875 0.548828125 0.22395833281250002 0.5556640625 0.21180555625 0.5927734375 0.21180555625 0.5986328125 0.215277778125 0.607421875 0.22743055625 0.607421875 0.24826388906250002 0.6103515625 0.2638888890625 0.6220703125 0.2638888890625 0.625 0.25868055624999997 0.625 0.24826388906250002 0.6318359375 0.24305555625 0.634765625 0.234375 0.634765625 0.203125 0.63671875 0.19965277812499999 0.630859375 0.1927083328125 0.626953125 0.17534722187500001 0.62890625 0.171875 0.626953125 0.14409722187500001 0.62890625 0.12673611093749998 0.626953125 0.1232638890625 0.626953125 0.10243055625 0.623046875 0.081597221875 0.623046875 0.05729166718749999 0.6162109375 0.0416666671875 0.6064453125 0.0416666671875 0.6044921875 0.03819444375 0.6025390625 0.0416666671875 0.5556640625 0.0416666671875 0.5537109375 0.034722221875 0.5498046875 0.0416666671875 0.5380859375 0.0451388890625 0.5322265625 0.055555556250000006
3 0.2783203125 0.1770833328125 0.2734375 0.18576388906250002 0.2734375 0.1927083328125 0.2783203125 0.19444444375 0.2841796875 0.21180555625 0.2900390625 0.215277778125 0.2998046875 0.23263888906250002 0.3037109375 0.23263888906250002 0.30859375 0.24131944375 0.30859375 0.25868055624999997 0.3115234375 0.2638888890625 0.3251953125 0.2673611109375 0.3310546875 0.27430555624999997 0.3330078125 0.2708333328125 0.33203125 0.2864583328125 0.3388671875 0.2986111109375 0.3505859375 0.30555555624999997 0.3662109375 0.30555555624999997 0.3759765625 0.3263888890625 0.384765625 0.32465277812500004 0.388671875 0.3177083328125 0.388671875 0.2829861109375 0.390625 0.2795138890625 0.390625 0.21006944375 0.3857421875 0.19097222187500001 0.3603515625 0.18055555625 0.3310546875 0.18055555625 0.3134765625 0.17361111093749998 0.2783203125 0.1770833328125
3 0.0927734375 0.392534721875 0.10414062500000001 0.409375 0.10595702968750001 0.409375 0.109375 0.408159721875 0.109375 0.2310763890625 0.1044921875 0.22239583281250003 0.0927734375 0.22239583281250003 0.0908203125 0.21892361093749999 0.0244140625 0.21892361093749999 0.0224609375 0.22239583281250003 0.0107421875 0.22239583281250003 0.005859375 0.2310763890625 0.005859375 0.2484375 0.001953125 0.2692708328125 0.001953125 0.3248263890625 0 0.3282986109375 0.001953125 0.34913194375 0.009765625 0.3734375 0.0205078125 0.385590278125 0.0302734375 0.3890625 0.0712890625 0.3890625 0.0732421875 0.392534721875 0.0849609375 0.3890625 0.0927734375 0.392534721875
1 0.2255859375 0.3888888890625 0.2314453125 0.3888888890625 0.23828125 0.4010416671875 0.25 0.45659722187499996 0.25 0.484375 0.2734375 0.5260416671875 0.27734375 0.5225694437499999 0.27734375 0.5086805562500001 0.28515625 0.4670138890625 0.283203125 0.39409722187499996 0.2900390625 0.3923611109375 0.29296875 0.3802083328125 0.2841796875 0.3611111109375 0.2529296875 0.3576388890625 0.2509765625 0.3611111109375 0.2353515625 0.3611111109375 0.2265625 0.3697916671875 0.22265625 0.38368055624999997 0.2255859375 0.3888888890625
4 0.53125 0.265625 0.5322265625 0.2708333328125 0.548828125 0.2829861109375 0.55078125 0.28993055624999997 0.55078125 0.32118055624999997 0.55859375 0.3385416671875 0.5693359375 0.34027777812500004 0.572265625 0.33506944375000003 0.572265625 0.3177083328125 0.580078125 0.296875 0.583984375 0.2760416671875 0.5927734375 0.2673611109375 0.6005859375 0.2673611109375 0.603515625 0.26215277812500004 0.5986328125 0.24305555625 0.5576171875 0.23958333281250002 0.5556640625 0.24305555625 0.5458984375 0.24305555625 0.53125 0.265625
4 0.5947265625 0.2673611109375 0.5888671875 0.2708333328125 0.580078125 0.28993055624999997 0.5810546875 0.2986111109375 0.6357421875 0.2986111109375 0.642578125 0.3072916671875 0.6533203125 0.30902777812500004 0.65625 0.30381944375000003 0.650390625 0.2760416671875 0.6435546875 0.2673611109375 0.5947265625 0.2673611109375
4 0.6591796875 0.239322915625 0.6546875 0.24730902812500002 0.6546875 0.25147569375 0.6552734375 0.2566840265625 0.6728515625 0.2566840265625 0.677734375 0.2653645828125 0.686389690625 0.3046875 0.6950683546875001 0.3046875 0.7109375 0.3035590265625 0.7125 0.2757812484375 0.7125 0.26754712187499996 0.7060546875 0.24626736093749999 0.6982421875 0.239322915625 0.6689453125 0.239322915625 0.6669921875 0.23585069375 0.6591796875 0.239322915625
4 0.8369140625 0.25 0.8173828125 0.25347222187499996 0.8125 0.26215277812500004 0.80859375 0.28993055624999997 0.8046875 0.30034722187499996 0.8046875 0.33506944375000003 0.8076171875 0.33680555624999997 0.810546875 0.32465277812500004 0.8154296875 0.31944444375000003 0.8251953125 0.31944444375000003 0.83203125 0.3142361109375 0.833984375 0.2760416671875 0.837890625 0.25868055624999997 0.8369140625 0.25
4 0.8046875 0.24479166718749998 0.798828125 0.27256944375000003 0.798828125 0.2864583328125 0.794921875 0.296875 0.796875 0.33159722187499996 0.80078125 0.3385416671875 0.8046875 0.3385416671875 0.8046875 0.30381944375000003 0.814453125 0.25868055624999997 0.8251953125 0.25 0.8388671875 0.25 0.8466796875 0.22916666718749998 0.8134765625 0.23263888906250002 0.8046875 0.24479166718749998
4 0.794921875 0.234375 0.79296875 0.2552083328125 0.794921875 0.25868055624999997 0.7890625 0.27256944375000003 0.7900390625 0.27777777812500004 0.796875 0.2795138890625 0.798828125 0.2795138890625 0.802734375 0.26215277812500004 0.8046875 0.24479166718749998 0.8095703125 0.23611111093749998 0.8310546875 0.23263888906250002 0.8330078125 0.22916666718749998 0.8466796875 0.23263888906250002 0.85546875 0.22395833281250002 0.8486328125 0.21180555625 0.8037109375 0.215277778125 0.794921875 0.234375
4 0.6876953125 0.24496527812500002 0.68861328125 0.253125 0.698925771875 0.253125 0.7228515625 0.251909721875 0.727734375 0.23975694375 0.7453125 0.23975694375 0.7482421875 0.23454861093749999 0.739453125 0.22239583281250003 0.71015625 0.21892361093749999 0.69453125 0.2258680546875 0.6876953125 0.24496527812500002
4 0.546875 0.237847221875 0.5478515625 0.24305555625 0.5869140625 0.23958333281250002 0.5888671875 0.24305555625 0.5986328125 0.24305555625 0.603515625 0.26215277812500004 0.609375 0.26215277812500004 0.609375 0.2517361109375 0.603515625 0.22395833281250002 0.5986328125 0.215277778125 0.5556640625 0.215277778125 0.546875 0.237847221875
4 0.7197265625 0.18055555625 0.6904296875 0.18402777812499999 0.6875 0.18923611093749998 0.685546875 0.21701388906250002 0.681640625 0.22395833281250002 0.685546875 0.230902778125 0.6884765625 0.23263888906250002 0.6982421875 0.222222221875 0.7099609375 0.222222221875 0.7119140625 0.21875 0.7275390625 0.222222221875 0.7353515625 0.21875 0.7451171875 0.23263888906250002 0.748046875 0.22395833281250002 0.7421875 0.1927083328125 0.7373046875 0.18055555625 0.7216796875 0.1770833328125 0.7197265625 0.18055555625
4 0.1533203125 0.4270833328125 0.1572265625 0.4236111109375 0.1748046875 0.4236111109375 0.1767578125 0.4201388890625 0.2197265625 0.4236111109375 0.2265625 0.4427083328125 0.2294921875 0.44444444375 0.2373046875 0.4375 0.244140625 0.4392361109375 0.2421875 0.41840277812500004 0.236328125 0.39756944375000003 0.2275390625 0.3888888890625 0.1669921875 0.3923611109375 0.1611328125 0.3958333328125 0.15234375 0.41493055625 0.1533203125 0.4270833328125
4 0.173828125 0.49114583281249996 0.178662109375 0.496875 0.18154296875 0.496875 0.1982421875 0.4859375 0.2080078125 0.4859375 0.2109375 0.48072916718750003 0.212890625 0.44947916718750003 0.21875 0.43211805625000005 0.2138671875 0.4234375 0.1552734375 0.419965278125 0.1484375 0.4251736109375 0.1494140625 0.43038194531249996 0.1533203125 0.426909721875 0.166015625 0.4390625 0.169921875 0.44947916718750003 0.16796875 0.466840278125 0.173828125 0.48072916718750003 0.173828125 0.49114583281249996
1 0.2333984375 0.2638888890625 0.2021484375 0.2673611109375 0.197265625 0.2795138890625 0.2109375 0.3072916671875 0.2109375 0.3420138890625 0.216796875 0.35590277812500004 0.2373046875 0.3576388890625 0.24609375 0.3420138890625 0.2421875 0.2760416671875 0.2333984375 0.2638888890625
4 0.4810546875 0.47960069375 0.471875 0.487018621875 0.471875 0.517447915625 0.47421875 0.561197915625 0.4771484375 0.5664062484375 0.4830078125 0.5594618046875001 0.4927734375 0.5629340265625 0.49765625 0.5716145828125 0.495703125 0.6098090265625 0.4927734375 0.615017359375 0.4859375 0.6167534703124999 0.4859375 0.6375868046875001 0.4810546875 0.639322915625 0.480078125 0.6445312484375 0.4859375 0.661892359375 0.4859375 0.6757812484375 0.49375 0.7000868046875001 0.496337890625 0.7046875 0.49975585312500004 0.7046875 0.50546875 0.7035590265625 0.509375 0.6966145828125 0.509375 0.6757812484375 0.511328125 0.6723090265625 0.511328125 0.6202256937499999 0.515234375 0.5855034703124999 0.5171875 0.505642359375 0.519140625 0.4917534703125 0.525 0.48133680468750006 0.5240234375 0.4761284703125 0.4810546875 0.47960069375
4 0.7001953125 0.15277777812499999 0.6650390625 0.15277777812499999 0.654296875 0.1614583328125 0.650390625 0.19618055625 0.650390625 0.237847221875 0.654296875 0.24826388906250002 0.6591796875 0.25 0.6650390625 0.23958333281250002 0.6787109375 0.23611111093749998 0.681640625 0.230902778125 0.681640625 0.21701388906250002 0.685546875 0.206597221875 0.6875 0.18923611093749998 0.6943359375 0.18055555625 0.7041015625 0.18055555625 0.70703125 0.17534722187500001 0.705078125 0.1614583328125 0.7001953125 0.15277777812499999
4 0.8310546875 0.18402777812499999 0.8017578125 0.1875 0.791015625 0.21354166718749998 0.791015625 0.230902778125 0.787109375 0.24826388906250002 0.7890625 0.2795138890625 0.794921875 0.2795138890625 0.794921875 0.24479166718749998 0.798828125 0.22395833281250002 0.8037109375 0.215277778125 0.8466796875 0.21180555625 0.8544921875 0.22569444375 0.8583984375 0.22569444375 0.861328125 0.21354166718749998 0.8486328125 0.18402777812499999 0.8330078125 0.18055555625 0.8310546875 0.18402777812499999
4 0.7900390625 0.1354166671875 0.7880859375 0.13888888906250002 0.7763671875 0.13888888906250002 0.767578125 0.15451388906250002 0.76171875 0.18923611093749998 0.765625 0.24131944375 0.7705078125 0.24305555625 0.78125 0.22743055625 0.783203125 0.203125 0.7939453125 0.1770833328125 0.8115234375 0.17361111093749998 0.8173828125 0.18055555625 0.8232421875 0.18055555625 0.826171875 0.17534722187500001 0.822265625 0.16840277812499999 0.8203125 0.1510416671875 0.8154296875 0.13888888906250002 0.7900390625 0.1354166671875
1 0.8888671875 0.0463541671875 0.8875 0.06579861249999999 0.8875 0.0751736125 0.891796875 0.0828125 0.89765625 0.0828125 0.909375 0.1140625 0.9208007796875 0.11875 0.92236328125 0.11875 0.9234375 0.116840278125 0.9234375 0.08350694374999999 0.9220703125 0.0810763890625 0.9201171875 0.0463541671875 0.9171875 0.041145834375 0.891796875 0.041145834375 0.8888671875 0.0463541671875
4 0.8740234375 0.027777778125000003 0.8564453125 0.027777778125000003 0.8525390625 0.03125 0.84375 0.053819443749999994 0.84375 0.081597221875 0.845703125 0.08506944375 0.8525390625 0.07986111093750001 0.8681640625 0.08333333281250001 0.87109375 0.078125 0.873046875 0.053819443749999994 0.880859375 0.0364583328125 0.8740234375 0.027777778125000003
4 0.7802734375 0.0486111109375 0.7509765625 0.05208333281250001 0.74609375 0.05729166718749999 0.740234375 0.08854166718749999 0.740234375 0.112847221875 0.748046875 0.140625 0.7548828125 0.13888888906250002 0.7578125 0.13368055625 0.755859375 0.1302083328125 0.759765625 0.1232638890625 0.759765625 0.109375 0.7685546875 0.08680555625 0.787109375 0.081597221875 0.787109375 0.06423611093750001 0.7802734375 0.0486111109375
4 0.6955078125 0.178472221875 0.6986328125 0.18125 0.7003906265625 0.18125 0.7091796875 0.175 0.7130859375 0.1576388890625 0.7208984375 0.14375 0.723828125 0.131597221875 0.747265625 0.131597221875 0.7482421875 0.115972221875 0.739453125 0.10729166718750001 0.708203125 0.10729166718750001 0.704296875 0.11076388906250001 0.6955078125 0.1506944453125 0.6955078125 0.178472221875
4 0.7796875 0.1590277765625 0.7796875 0.171875 0.7850097640625 0.171875 0.78603515625 0.1716145828125 0.79189453125 0.16814236093749999 0.79580078125 0.1438368046875 0.79873046875 0.1386284734375 0.80458984375 0.13515625 0.83583984375 0.1386284734375 0.83486328125 0.1230034734375 0.82998046875 0.11779513906250001 0.79482421875 0.11779513906250001 0.79091796875 0.12126736093749999 0.78212890625 0.1438368046875 0.7796875 0.1590277765625