5 0.0234375 0.6197916671875 0.0078125 0.581597221875 0.00390625 0.5642361109375 0.0009765625 0.5625 0 0.730902778125 0.0068359375 0.7291666671875 0.0166015625 0.7430555562500001 0.025390625 0.7413194437499999 0.037109375 0.7274305562500001 0.0390625 0.7100694437499999 0.046875 0.6961805562500001 0.044921875 0.6614583328125 0.0390625 0.637152778125 0.0234375 0.6197916671875
5 0.04609375 0.57977430625 0.0060546875 0.6440104171875001 0.0021484375 0.65789930625 0.0001953125 0.68914930625 0.0109375 0.6943576390625 0.016796875 0.708246528125 0.0236328125 0.7134548625 0.026708978124999998 0.7140625 0.033338759375 0.7140625 0.0451171875 0.6995659734374999 0.0431640625 0.685677084375 0.0509765625 0.6405381953125 0.0705078125 0.6127604171875001 0.0783203125 0.5884548625 0.090625 0.5634548625 0.090625 0.54852430625 0.06953125 0.54852430625 0.04609375 0.57977430625
5 0.171875 0.640625 0.166015625 0.6163194437499999 0.1591796875 0.6111111109375 0.1533203125 0.597222221875 0.1416015625 0.5833333328125 0.1279296875 0.5555555562500001 0.1064453125 0.534722221875 0.0849609375 0.534722221875 0.0830078125 0.5381944437499999 0.0634765625 0.527777778125 0.0634765625 0.5416666671875 0.0556640625 0.5416666671875 0.0537109375 0.53125 0.0478515625 0.5451388890625 0.025390625 0.546875 0.0263671875 0.5555555562500001 0.0419921875 0.5729166671875 0.087890625 0.644097221875 0.087890625 0.6579861109375 0.0947265625 0.6805555562500001 0.1005859375 0.684027778125 0.1064453125 0.6944444437499999 0.11328125 0.6961805562500001 0.1220703125 0.6944444437499999 0.1298828125 0.6805555562500001 0.1533203125 0.684027778125 0.1669921875 0.6701388890625 0.171875 0.6579861109375 0.171875 0.640625
5 0.1791015625 0.538454859375 0.1751953125 0.5419270843749999 0.12734375 0.6131076390625 0.12734375 0.6200520843749999 0.1234375 0.6269965281250001 0.1234375 0.6443576390625 0.1322265625 0.6530381953125 0.1390625 0.6686631953125 0.1455566375 0.6703125 0.14598911875 0.6703125 0.15859375 0.6582465281250001 0.1625 0.6269965281250001 0.1869140625 0.57664930625 0.1927734375 0.5731770843749999 0.2078125 0.549586396875 0.2078125 0.5425057859375 0.2064453125 0.538454859375 0.1791015625 0.538454859375
5 0.2607421875 0.5763888890625 0.2431640625 0.534722221875 0.2275390625 0.53125 0.2255859375 0.534722221875 0.1728515625 0.534722221875 0.16015625 0.5399305562500001 0.1650390625 0.5520833328125 0.1767578125 0.5625 0.1943359375 0.597222221875 0.2021484375 0.6041666671875 0.2099609375 0.625 0.2333984375 0.625 0.2392578125 0.6006944437499999 0.2490234375 0.6006944437499999 0.25390625 0.609375 0.25390625 0.6336805562500001 0.263671875 0.6336805562500001 0.265625 0.6163194437499999 0.2744140625 0.6076388890625 0.2822265625 0.6076388890625 0.283203125 0.5954861109375 0.2763671875 0.5833333328125 0.2607421875 0.5763888890625
5 0.278515625 0.5349826390625 0.2765625 0.5315104171875 0.266796875 0.5349826390625 0.2501953125 0.5714409734375 0.2541015625 0.5783854171875 0.2521484375 0.6096354171875 0.2541015625 0.6131076390625 0.258935546875 0.6140625 0.263330078125 0.6140625 0.2677734375 0.6061631953125 0.2677734375 0.5957465281250001 0.278515625 0.57664930625 0.286328125 0.5731770843749999 0.2970703125 0.554079859375 0.2970703125 0.5471354171875 0.3015625 0.54181134375 0.3015625 0.5377604171875 0.3 0.5349826390625 0.278515625 0.5349826390625
5 0.344921875 0.527777778125 0.3380859375 0.5364583328125 0.3361328125 0.5538194437499999 0.341015625 0.565972221875 0.36640625 0.5729166671875 0.3857421890625 0.584375 0.396679678125 0.584375 0.411328125 0.5833333328125 0.42109375 0.5625 0.4337890625 0.550347221875 0.434375 0.5451388890625 0.434375 0.531635803125 0.42765624999999996 0.525 0.4179687578125 0.525 0.38203125 0.527777778125 0.3757812484375 0.525 0.3726562515625 0.525 0.36640625 0.527777778125 0.36484375 0.525 0.3640625 0.525 0.3625 0.527777778125 0.344921875 0.527777778125
5 0.3359375 0.543402778125 0.3271484375 0.53125 0.3115234375 0.5243055562500001 0.2880859375 0.534722221875 0.287109375 0.5399305562500001 0.298828125 0.5642361109375 0.298828125 0.605902778125 0.3037109375 0.6145833328125 0.3056640625 0.6111111109375 0.3203125 0.612847221875 0.3251953125 0.6076388890625 0.3330078125 0.6076388890625 0.3359375 0.5989583328125 0.3359375 0.578125 0.333984375 0.574652778125 0.3359375 0.543402778125
5 1 0.9461805562500001 0.98828125 0.9045138890625 0.9462890625 0.8333333328125001 0.9228515625 0.815972221875 0.8720703125 0.7361111109375 0.8671875 0.737847221875 0.8671875 0.9982638890625 0.9931640625 0.996527778125 0.994140625 0.984375 1 0.9739583328125001 1 0.9461805562500001
5 0.7322265625 0.7833333328125 0.7244140625 0.7625 0.713671875 0.750347221875 0.7109375 0.7552083328125 0.7109375 0.7842881937499999 0.7185546875 0.821527778125 0.7185546875 0.83194444375 0.7224609375 0.8423611109375001 0.7224609375 0.8701388890624999 0.7185546875 0.8805555546875 0.7185546875 0.91875 0.7166015625 0.922222221875 0.71826171875 0.928125 0.722656246875 0.928125 0.725390625 0.9274305546875 0.7361328125 0.9048611109375001 0.7439453125 0.8770833328125001 0.7515625 0.8635416656249999 0.7515625 0.848784721875 0.7400390625 0.8180555546875 0.7322265625 0.7833333328125
5 0.9158203125 0.9914930546875 0.9177734375 0.994965278125 0.934375 0.9967013890624999 0.9421875 0.979340278125 0.9451171875 0.9810763890624999 0.9470703125 0.9671875 0.9451171875 0.9359375 0.9421875 0.9376736109375001 0.9392578125 0.932465278125 0.9392578125 0.9151041671875 0.9431640625 0.9046875 0.9353515625 0.8907986109375001 0.9353515625 0.8734375 0.9412109375 0.84913194375 0.9451171875 0.7796875 0.9548828125 0.7588541671875 0.9548828125 0.7380208328125 0.9509765625 0.7171875 0.9548828125 0.7067708328125 0.9548828125 0.6963541671875 0.9578125 0.6911458328125 0.963671875 0.6911458328125 0.967578125 0.6842013890625 0.9734375 0.7015625 0.98125 0.7050347218749999 0.9861328125 0.713715278125 0.987109375 0.7501736109375 0.9958984375 0.7345486109375 0.9998046875 0.713715278125 0.991015625 0.698090278125 0.9734375 0.6807291671875 0.967578125 0.666840278125 0.963671875 0.666840278125 0.96171875 0.6598958328125 0.940234375 0.6321180546875 0.928515625 0.6112847218749999 0.91875 0.6078125 0.912890625 0.5904513890625 0.903125 0.58350694375 0.897265625 0.5696180546875 0.889453125 0.5800347218749999 0.885546875 0.5800347218749999 0.8845703125 0.5713541671875 0.8904296875 0.56788194375 0.8904296875 0.5609375 0.8796875 0.5453125 0.871875 0.541840278125 0.838671875 0.541840278125 0.83671875 0.5383680546875 0.830859375 0.541840278125 0.80546875 0.541840278125 0.803515625 0.5383680546875 0.8015625 0.541840278125 0.776171875 0.5453125 0.7751953125 0.7206597218749999 0.7859375 0.7328125 0.7869140625 0.7206597218749999 0.78984375 0.7189236109375 0.7908203125 0.7310763890625 0.795703125 0.7432291671875 0.8015625 0.7258680546875 0.8083984375 0.7380208328125 0.8064453125 0.75538194375 0.809375 0.7744791671875 0.8142578125 0.7692708328125 0.8103515625 0.7588541671875 0.8142578125 0.7519097218749999 0.815234375 0.73975694375 0.8201171875 0.7414930546875 0.8259765625 0.7588541671875 0.825 0.7675347218749999 0.8279296875 0.7657986109375 0.8298828125 0.7484375 0.8318359375 0.7484375 0.8376953125 0.7796875 0.834765625 0.7848958328125 0.823046875 0.7814236109375 0.8201171875 0.78663194375 0.8220703125 0.7970486109375 0.825 0.80225694375 0.834765625 0.8057291671875 0.838671875 0.8161458328125001 0.850390625 0.823090278125 0.89140625 0.8890625 0.9001953125 0.8942708328125001 0.9021484375 0.91163194375 0.9080078125 0.9220486109375001 0.9060546875 0.9255208328125001 0.9099609375 0.94288194375 0.9158203125 0.9463541671875 0.9158203125 0.9914930546875
5 0.867578125 0.63515625 0.834375 0.5761284718749999 0.820703125 0.5622395828125 0.805078125 0.5379340265625 0.793359375 0.5309895828125 0.7484375 0.5309895828125 0.746484375 0.5275173609375 0.7203125 0.5361336156250001 0.7203125 0.5366222984375 0.72890625 0.555295140625 0.74453125 0.57265625 0.758203125 0.5969618046875 0.771875 0.61085069375 0.81875 0.6837673609375 0.8333984375 0.6993923609375 0.835107421875 0.7 0.838916015625 0.7 0.8490234375 0.68203125 0.8509765625 0.664670140625 0.859765625 0.6525173609375 0.8666015625 0.6611979156250001 0.8705078125 0.6750868046875 0.8705078125 0.68897569375 0.876708984375 0.7 0.880517578125 0.7 0.887109375 0.69765625 0.89375 0.6791046609375 0.89375 0.6781583859375 0.88125 0.6525173609375 0.867578125 0.63515625
5 0.81640625 0.5329861109375 0.8134765625 0.527777778125 0.7333984375 0.527777778125 0.7275390625 0.53125 0.7138671875 0.5486111109375 0.7060546875 0.565972221875 0.6982421875 0.5729166671875 0.669921875 0.6232638890625 0.6708984375 0.628472221875 0.6845703125 0.628472221875 0.689453125 0.637152778125 0.6904296875 0.6493055562500001 0.6943359375 0.6493055562500001 0.7021484375 0.628472221875 0.7158203125 0.6319444437499999 0.716796875 0.644097221875 0.7265625 0.6579861109375 0.7314453125 0.65625 0.7373046875 0.6423611109375 0.7783203125 0.5763888890625 0.7900390625 0.565972221875 0.8056640625 0.5416666671875 0.81640625 0.5329861109375
5 0.642578125 0.6163194437499999 0.6494140625 0.621527778125 0.6572265625 0.6180555562500001 0.6630859375 0.628472221875 0.66796875 0.6267361109375 0.724609375 0.5295138890625 0.6923828125 0.53125 0.6787109375 0.5451388890625 0.6650390625 0.565972221875 0.646484375 0.5989583328125 0.642578125 0.6163194437499999
5 0.6513671875 0.5276041671875 0.6435546875 0.5241319453125 0.6044921875 0.5241319453125 0.6025390625 0.5171875 0.5986328125 0.5171875 0.595703125 0.5293402781250001 0.6220703125 0.5623263890625 0.64453125 0.6022569453125 0.6459960921875 0.603125 0.64794921875 0.603125 0.6513671875 0.5970486109375 0.6552734375 0.5970486109375 0.65869140625 0.603125 0.666503909375 0.603125 0.6884765625 0.6005208328125 0.69140625 0.603125 0.6924525671875 0.603125 0.693359375 0.5918402781250001 0.6513671875 0.5276041671875