4 0.349609375 0.8359540515624999 0.337890625 0.842905853125 0.345703125 0.8637612546875 0.341796875 0.9576105671875 0.4375 0.9645623671875001 0.4375 0.8846166578125001 0.4453125 0.8498576531250001 0.423828125 0.797719146875 0.4091796875 0.7890293953125 0.3642578125 0.792505296875 0.349609375 0.8359540515624999
4 0.5736328125 0.8739837140625 0.5794921875 0.8566042109374999 0.5697265625 0.83574880625 0.5638671875 0.7836103 0.555078125 0.771444646875 0.50625 0.7749205484374999 0.4974609375 0.8218452031249999 0.4955078125 0.9156945171875 0.555078125 0.9209083671875 0.5658203125 0.9713089234375 0.56804688125 0.971875 0.5730220734375 0.971875 0.5775390625 0.957405321875 0.5736328125 0.8739837140625
4 0.2349609375 0.8753293828125001 0.2916015625 0.8718534828125 0.30625 0.884019134375 0.300390625 0.821452925 0.292578125 0.8145011265625 0.2759765625 0.75019696875 0.2291015625 0.75019696875 0.2183593734375 0.7693144203125 0.2125 0.828404728125 0.22025993124999999 0.9078125 0.221521578125 0.9078125 0.228125 0.9048745359374999 0.2349609375 0.8753293828125001
4 0.279296875 0.745580640625 0.2919921875 0.7507944921874999 0.302734375 0.7733878453125 0.3095703125 0.8203125 0.345703125 0.8290022515625 0.3515625 0.81509865 0.3554687484375 0.742104740625 0.349609375 0.6621590312500001 0.3427734375 0.649993378125 0.2958984375 0.649993378125 0.279296875 0.745580640625
4 0.400390625 0.700393934375 0.392578125 0.7038698359375 0.3984375 0.7177734375 0.3945312515625 0.7838155453125 0.4208984375 0.792505296875 0.4365234375 0.8133606999999999 0.4765625 0.8220504484375001 0.482421875 0.8046709484375001 0.484375 0.7108216359374999 0.46875 0.6482554296874999 0.4501953125 0.6360897765625 0.4130859375 0.639565678125 0.400390625 0.700393934375
4 0.540234375 0.5735086734375 0.4943359359375 0.582198425 0.4845703125 0.63433693125 0.496069653125 0.709375 0.5437546265625001 0.709375 0.55390625 0.7090687890625 0.559375 0.7021169875 0.559375 0.6541495625 0.5587890625 0.63433693125 0.540234375 0.5735086734375
4 0.583984375 0.679538534375 0.5976562515625 0.7594842421875 0.615234375 0.76296014375 0.6376953125 0.7125595875 0.6523437484375 0.7038698359375 0.646484375 0.637827728125 0.6396484375 0.6256620765625 0.6005859375 0.6256620765625 0.583984375 0.679538534375
4 0.6328125 0.7212493390625 0.6171875 0.76991194375 0.623046875 0.86028535625 0.638671875 0.8637612546875 0.634765625 0.8324781531250001 0.6435546875 0.7820775953125 0.708984375 0.7768637453125 0.6923828125 0.7160354859375 0.6416015625 0.7090836859375 0.6328125 0.7212493390625
3 0.845703125 0.5509302171875 0.8154296875 0.5005296609375 0.7255859375 0.49705375937499996 0.7148437484375 0.56135791875 0.712890625 0.6413036265625001 0.736328125 0.7733878453125 0.7763671875 0.7890293953125 0.787109375 0.8116227484375 0.7900390625 0.848119703125 0.8310546875 0.8515956046875001 0.8359375 0.842905853125 0.8320312515625 0.8011950484374999 0.8398437484375 0.76991194375 0.8486328125 0.7646980937500001 0.8632812515625 0.797719146875 0.8710937484375 0.8498576531250001 0.8789062515625 0.8116227484375 0.873046875 0.7907673468749999 0.880859375 0.7038698359375 0.876953125 0.6517313312499999 0.853515625 0.592641021875 0.845703125 0.5509302171875
1 0.700390625 0.8657027953125 0.6515625 0.8657027953125 0.6369140625 0.8778684453125001 0.6330078125 0.9508623546875 0.64645683125 0.9953125 0.65992375 0.9953125 0.7078125 0.9926491953125 0.7078125 0.9195792515625 0.7072265625 0.8882961484375 0.700390625 0.8657027953125
1 0.64853515625 0.7820858703125 0.63779296875 0.822058725 0.6397460921875 0.8776731312500001 0.65634765625 0.8655074812500001 0.7078125 0.8655074812500001 0.7078125 0.7940280703125 0.68759765625 0.778609971875 0.64853515625 0.7820858703125
1 0.7148437484375 0.9471828640625001 0.7685546875 0.9523967171875001 0.7929687484375 0.9784659687499999 0.7929687484375 0.888092559375 0.7851562515625 0.86028535625 0.7666015625 0.848119703125 0.7275390625 0.848119703125 0.716796875 0.8915684578124999 0.7148437484375 0.9471828640625001
1 0.8783203125 0.8590058921875 0.8373046875 0.8555299906249999 0.816796875 0.8746474453124999 0.8109375 0.9580690546874999 0.8185474156250001 0.9953125 0.8875 0.9953125 0.8875 0.97633333125 0.8783203125 0.8590058921875
4 0.5820312515625 0.47446040624999997 0.5732421875 0.46577065468749995 0.5517578125 0.46577065468749995 0.5498046875 0.4622947578125 0.5341796875 0.46577065468749995 0.5234375 0.48836400781249995 0.5117187484375 0.56483381875 0.5146484375 0.57004766875 0.5498046875 0.57699946875 0.5546875 0.5822133218750001 0.5546875 0.592641021875 0.5595703125 0.6082825734374999 0.5634765625 0.611758475 0.5742187484375 0.610020525 0.583984375 0.5856892203124999 0.583984375 0.5578820171875 0.5859375 0.55440611875 0.5859375 0.5231230140625 0.583984375 0.5196471125000001 0.5820312515625 0.47446040624999997
1 0.652734375 0.4957825734375 0.65078125 0.49230667187500005 0.65078125 0.47840307031249996 0.6478515625 0.4731892203125 0.6439453125 0.4731892203125 0.6419921875 0.46971331875000005 0.6283203125 0.46971331875000005 0.6263671875 0.4731892203125 0.6126953125 0.4731892203125 0.6078125 0.48187897187499995 0.6078125 0.5687764828125 0.6097656265625 0.5757282828125 0.61210938125 0.5765625 0.6151562484374999 0.5765625 0.6166015625 0.5739903328125 0.6244140625 0.5739903328125 0.6263671875 0.5670385312499999 0.6302734375 0.5635626328125001 0.6419921875 0.5635626328125001 0.6478515625 0.5739903328125 0.6517578125 0.5739903328125 0.653125 0.571557203125 0.653125 0.5451403578125 0.652734375 0.5444451781249999 0.652734375 0.4957825734375
4 0.4060546875 0.4431640625 0.39140625 0.420570709375 0.362109375 0.420570709375 0.36015625 0.4240466109375 0.35625 0.4240466109375 0.3513671875 0.43273635937500005 0.3513671875 0.4396881625 0.3455078125 0.45359176406249996 0.34375 0.4754899359375 0.34375 0.47827065625 0.3455078125 0.4813989671875 0.3455078125 0.5092061703125 0.3484375 0.517895921875 0.35234375 0.5144200203125 0.3572265640625 0.5196338703125 0.3611328125 0.5370133734375 0.3625000015625 0.5375 0.36636718749999997 0.5375 0.36796875 0.5317995234375 0.371875 0.528323621875 0.3796875 0.528323621875 0.3845703125 0.5161579703125 0.3865234375 0.50225436875 0.3953125 0.48661281718750005 0.4109375 0.483136915625 0.415625 0.4781316203125 0.415625 0.4765327046875 0.4138671875 0.46401946406250005 0.4060546875 0.4431640625
4 0.4916015625 0.519316075 0.4935546859375 0.515840175 0.4935546859375 0.498460675 0.4955078125 0.4949847734375 0.4955078125 0.48803296874999996 0.50234375 0.475867321875 0.5140625 0.475867321875 0.5169921875 0.47065347031250004 0.5169921875 0.46370166875 0.5140625 0.4550119171875 0.50625 0.44806011718749994 0.4828125 0.44806011718749994 0.480859375 0.45153601718749997 0.475 0.45153601718749997 0.4701171875 0.460225765625 0.4662109375 0.4741293671875 0.4642578125 0.515840175 0.4662109375 0.519316075 0.4662109375 0.5297437765625 0.4701171875 0.540171478125 0.4701171875 0.5471232781250001 0.4720703125 0.5505991796874999 0.4720703125 0.56102688125 0.4740234375 0.5645027812500001 0.4834821390625 0.565625 0.4890178578125 0.565625 0.4916015625 0.56102688125 0.4916015625 0.519316075
4 0.517578125 0.3493279921875 0.515625 0.34237619218750004 0.5068359375 0.3267346390625 0.5029296875 0.3267346390625 0.5009765625 0.323258740625 0.4775390625 0.323258740625 0.4755859375 0.3267346390625 0.4716796875 0.3267346390625 0.46875 0.3319484921875 0.46875 0.3354243890625 0.4619140625 0.3475900421875 0.458984375 0.3493279921875 0.4570312515625 0.35627979375 0.4570312515625 0.36323159375 0.458984375 0.36670749375 0.458984375 0.3945146984375 0.4638671875 0.4032044484375 0.4951171875 0.4032044484375 0.4960937484375 0.4014665 0.4960937484375 0.3979905984375 0.4990234375 0.39625265 0.5068359375 0.378873146875 0.5107421875 0.378873146875 0.517578125 0.3701833953125 0.517578125 0.3493279921875
4 0.4513671875 0.373914196875 0.44453125 0.36174854375 0.43671875 0.36174854375 0.434765625 0.3582726421875 0.409375 0.3582726421875 0.4044921875 0.36348649375000003 0.4025390625 0.3773900953125 0.4005859359375 0.3808659953125 0.4005859359375 0.3878177984375 0.3986328125 0.3912936953125 0.3986328125 0.42257680156250005 0.4005859359375 0.42605269999999995 0.4005859359375 0.43300450156250003 0.403515625 0.43821835 0.407421875 0.43821835 0.4123046875 0.446908103125 0.4123046875 0.4503840046875 0.4156156984375 0.4515625 0.41750186093749997 0.4515625 0.419140625 0.44864605468749996 0.440625 0.44864605468749996 0.4455078125 0.443432203125 0.4474609359375 0.43300450156250003 0.454296875 0.42083885 0.45625 0.42083885 0.4578125 0.4180581296875 0.4578125 0.39685513906250003 0.4572265625 0.39476959843750004 0.4578125 0.39268405781250004 0.4578125 0.38660123281250003 0.4513671875 0.3808659953125 0.4513671875 0.373914196875
4 0.358984375 0.604824878125 0.331640625 0.604824878125 0.3296875 0.6083007796875 0.31796875 0.6083007796875 0.3111328125 0.61699053125 0.3072265625 0.62741823125 0.3072265625 0.6343700343750001 0.3033203140625 0.6413218328125 0.3013671875 0.6656531390625 0.3052734375 0.6865085390625 0.3052734375 0.7038880421875 0.3111328125 0.7212675453124999 0.3111328125 0.735171146875 0.3150390625 0.742122946875 0.3189453140625 0.742122946875 0.3189453140625 0.696936240625 0.3208984375 0.6934603421875 0.3248046875 0.6587013359375 0.3296875 0.650011584375 0.34140625 0.650011584375 0.343359375 0.6465356859375 0.371875 0.6481727234375 0.371875 0.6330112734375 0.362890625 0.6083007796875 0.358984375 0.604824878125
4 0.8025390640625 0.4680680625 0.8044921875 0.46111625937499995 0.7966796875 0.4367849578125 0.7966796875 0.42983315781250003 0.78984375 0.4141916046875 0.78203125 0.4072398046875 0.768359375 0.4072398046875 0.76640625 0.410715703125 0.7546875 0.410715703125 0.7478515609375 0.42288135625 0.7458984375 0.42983315781250003 0.7458984375 0.4367849578125 0.7439453125 0.44026085937500004 0.7478515609375 0.45068855937499996 0.7498046875 0.47501986093750004 0.752734375 0.48370961250000005 0.7625 0.48370961250000005 0.764453125 0.48023371406250004 0.7859375 0.48023371406250004 0.7908203125 0.485447565625 0.792196796875 0.4859375 0.796404390625 0.4859375 0.8025390640625 0.47501986093750004 0.8025390640625 0.4680680625
4 0.823046875 0.3405256890625 0.819140625 0.3370497890625 0.807421875 0.3370497890625 0.80546875 0.3405256890625 0.795703125 0.3405256890625 0.7908203125 0.3492154390625 0.7908203125 0.37354674375 0.7888671875 0.3770226421875 0.7888671875 0.39092624374999996 0.7875 0.3933593765625 0.7875 0.40587261406249997 0.7888671875 0.408305746875 0.7908203125 0.42220934843749997 0.79375 0.4239473 0.7986328125 0.43263704843750006 0.7991257468749999 0.4328125 0.8043936015625001 0.4328125 0.80546875 0.4308991 0.8171875 0.4308991 0.8259765609375 0.41873344687499997 0.826953125 0.41351959687499995 0.830859375 0.41004369531249996 0.83671875 0.41004369531249996 0.8390625 0.405872615625 0.8390625 0.4006587640625 0.8337890640625 0.363119040625 0.823046875 0.3405256890625