4 0.677734375 0.8223989265625 0.66796875 0.75632881875 0.6337890640625 0.674610534375 0.5380859359375 0.6572236640625 0.5087890640625 0.6607010390625 0.4609375 0.72503245625 0.419921875 0.846740540625 0.412109375 0.8502179171875 0.41015625 0.8815142796875 0.388671875 0.9162880171875001 0.3671875 0.982358125 0.3681640640625 0.99800630625 0.650390625 0.9962676203124999 0.6669921859375 0.99452893125 0.671875 0.9788807484375001 0.671875 0.8606500359375 0.677734375 0.8223989265625
4 0.3759765640625 0.886730340625 0.3896484359375 0.890207715625 0.3984375 0.8745595312500001 0.3984375 0.8606500359375 0.384765625 0.836308421875 0.40625 0.805012053125 0.40625 0.7041682140625001 0.400390625 0.6659170984375 0.3662109359375 0.5911535609375 0.2705078140625 0.5841988125 0.26171875 0.59289225 0.265625 0.7180777093749999 0.2578125 0.99279024375 0.30859375 0.9962676203124999 0.3203125 0.9475843859375 0.3603515640625 0.87977559375 0.3720703140625 0.8693434718749999 0.3759765640625 0.886730340625
4 0.4765625 0.5094352765625 0.4599609359375 0.49030971875 0.3720703140625 0.48683234375 0.33984375 0.5302995187499999 0.322265625 0.578982753125 0.3642578140625 0.5876761875 0.37890625 0.6033243671874999 0.390625 0.64853023125 0.40234375 0.6659170984375 0.41015625 0.7806704390625 0.43359375 0.794579934375 0.4453125 0.7424193234375001 0.4921875 0.6659170984375 0.48828125 0.5546411328125 0.4765625 0.5094352765625
4 0.87890625 0.707645584375 0.87890625 0.6833039703125 0.86328125 0.620711240625 0.8486328140625 0.5876761875 0.8232421859375 0.5737666906250001 0.7431640640625 0.5807214390625 0.71484375 0.6554849796875 0.708984375 0.69025871875 0.685546875 0.7006908375 0.703125 0.72503245625 0.689453125 0.805012053125 0.689453125 0.923242765625 0.7158203140625 0.9423683234375 0.8828125 0.9649712515625 0.88671875 0.8189215484375 0.880859375 0.7493740718749999 0.8984375 0.72503245625 0.87890625 0.707645584375
7 0.5947265640625 0.476400221875 0.5380859359375 0.47987759687500003 0.515625 0.5302995187499999 0.5 0.6554849796875 0.6318359359375 0.6676557859375001 0.646484375 0.6833039703125 0.66015625 0.728509828125 0.671875 0.5615958812499999 0.654296875 0.5546411328125 0.642578125 0.492048403125 0.5947265640625 0.476400221875
4 0.841796875 0.512912646875 0.828125 0.49900315156249997 0.8095703140625 0.4311943625 0.7431640640625 0.4242396140625 0.73046875 0.43293305000000004 0.701171875 0.5650732578125 0.69921875 0.6346207359375 0.71484375 0.6450528546875 0.7490234359375 0.5737666906250001 0.833984375 0.5755053765625 0.830078125 0.5268221421875 0.841796875 0.512912646875
4 0.7490234359375 0.3686016328125 0.6943359359375 0.3651242578125 0.67578125 0.4120688078125 0.662109375 0.42597830312499996 0.671875 0.43641042187499995 0.66796875 0.5407316375 0.703125 0.5476863859375001 0.73046875 0.4294556734375 0.765625 0.41902355468749997 0.763671875 0.394681934375 0.7490234359375 0.3686016328125
4 0.7880859359375 0.3373052671875 0.775390625 0.37381769062500003 0.7734375 0.41902355468749997 0.8115234359375 0.4311943625 0.82421875 0.45727466406249995 0.830078125 0.492048403125 0.8515625 0.502480528125 0.853515625 0.40511405937499995 0.841796875 0.3494760765625 0.8271484359375 0.3373052671875 0.7880859359375 0.3373052671875
7 0.4619140640625 0.264280415625 0.5048828140625 0.264280415625 0.509765625 0.2555869796875 0.51171875 0.1269241484375 0.4599609359375 0.1112759640625 0.3369140640625 0.107798590625 0.33203125 0.13040151875 0.345703125 0.1616978875 0.34375 0.3494760765625 0.435546875 0.36686294375 0.44140625 0.356430825 0.439453125 0.328611834375 0.453125 0.3042702140625 0.4619140640625 0.264280415625
4 0.4453125 0.4398877984375 0.4375 0.40511405937499995 0.4091796859375 0.3686016328125 0.3427734359375 0.361646884375 0.337890625 0.49900315156249997 0.310546875 0.5372542671875 0.3173828140625 0.556379821875 0.32421875 0.5546411328125 0.3525390640625 0.5007418390625 0.3701171859375 0.48683234375 0.4423828140625 0.47987759687500003 0.4453125 0.4398877984375
4 0.7255859359375 0.25384829375 0.7109375 0.27992859999999997 0.69921875 0.35990819531249996 0.7529296859375 0.3686016328125 0.765625 0.384249815625 0.7890625 0.328611834375 0.7890625 0.266019103125 0.7724609359375 0.2503709203125 0.7255859359375 0.25384829375
7 0.6328125 0.4711841609375 0.63671875 0.41902355468749997 0.6416015640625 0.4311943625 0.64453125 0.42250092656250005 0.646484375 0.356430825 0.630859375 0.2834059703125 0.6064453140625 0.23646142499999998 0.5419921859375 0.23298405 0.5166015640625 0.243416171875 0.5087890640625 0.264280415625 0.4677734359375 0.2677577890625 0.45703125 0.286883346875 0.44921875 0.356430825 0.447265625 0.4746615375 0.4736328140625 0.497264465625 0.4931640640625 0.5494250734375 0.51171875 0.5476863859375001 0.517578125 0.5163900234375001 0.5380859359375 0.476400221875 0.6279296859375 0.47987759687500003 0.6328125 0.4711841609375