4 0.4091796875 0.7890293953125 0.3642578125 0.792505296875 0.349609375 0.8359540515624999 0.337890625 0.842905853125 0.345703125 0.8637612546875 0.341796875 0.9576105671875 0.4375 0.9645623671875001 0.4375 0.8846166578125001 0.4453125 0.8498576531250001 0.423828125 0.797719146875 0.4091796875 0.7890293953125
4 0.5693359375 0.77512579375 0.5205078125 0.7716498921875 0.5117187484375 0.7838155453125 0.505859375 0.8359540515624999 0.4960937484375 0.8568094546875 0.501953125 0.8741889578125001 0.498046875 0.9576105671875 0.5029296875 0.97325211875 0.509765625 0.97151416875 0.5205078125 0.9211136124999999 0.580078125 0.9158997624999999 0.578125 0.8220504484375001 0.5693359375 0.77512579375
4 0.2431640625 0.7507944921874999 0.2265625 0.81509865 0.21875 0.8220504484375001 0.212890625 0.8846166578125001 0.2275390625 0.87245100625 0.2841796875 0.8759269062499999 0.291015625 0.905472059375 0.298828125 0.9089479609375 0.306640625 0.8290022515625 0.3007812515625 0.76991194375 0.2900390625 0.7507944921874999 0.2431640625 0.7507944921874999
4 0.3427734375 0.649993378125 0.2958984375 0.649993378125 0.279296875 0.745580640625 0.2919921875 0.7507944921874999 0.302734375 0.7733878453125 0.3095703125 0.8203125 0.345703125 0.8290022515625 0.3515625 0.81509865 0.3554687484375 0.742104740625 0.349609375 0.6621590312500001 0.3427734375 0.649993378125
4 0.4501953125 0.6360897765625 0.4130859375 0.639565678125 0.400390625 0.700393934375 0.392578125 0.7038698359375 0.3984375 0.7177734375 0.3945312515625 0.7838155453125 0.4208984375 0.792505296875 0.4365234375 0.8133606999999999 0.4765625 0.8220504484375001 0.482421875 0.8046709484375001 0.484375 0.7108216359374999 0.46875 0.6482554296874999 0.4501953125 0.6360897765625
4 0.486328125 0.634351828125 0.484375 0.700393934375 0.4912109375 0.7090836859375 0.548828125 0.7108216359374999 0.560546875 0.634351828125 0.5507812515625 0.5822133218750001 0.5048828125 0.5735235703125 0.486328125 0.634351828125
4 0.6396484375 0.6256620765625 0.6005859375 0.6256620765625 0.583984375 0.679538534375 0.5976562515625 0.7594842421875 0.615234375 0.76296014375 0.6376953125 0.7125595875 0.6523437484375 0.7038698359375 0.646484375 0.637827728125 0.6396484375 0.6256620765625
4 0.6923828125 0.7160354859375 0.6416015625 0.7090836859375 0.6328125 0.7212493390625 0.6171875 0.76991194375 0.623046875 0.86028535625 0.638671875 0.8637612546875 0.634765625 0.8324781531250001 0.6435546875 0.7820775953125 0.708984375 0.7768637453125 0.6923828125 0.7160354859375
3 0.876953125 0.6517313312499999 0.853515625 0.592641021875 0.845703125 0.5509302171875 0.8154296875 0.5005296609375 0.7255859375 0.49705375937499996 0.7148437484375 0.56135791875 0.712890625 0.6413036265625001 0.736328125 0.7733878453125 0.7763671875 0.7890293953125 0.787109375 0.8116227484375 0.7900390625 0.848119703125 0.8310546875 0.8515956046875001 0.8359375 0.842905853125 0.8320312515625 0.8011950484374999 0.8398437484375 0.76991194375 0.8486328125 0.7646980937500001 0.8632812515625 0.797719146875 0.8710937484375 0.8498576531250001 0.8789062515625 0.8116227484375 0.873046875 0.7907673468749999 0.880859375 0.7038698359375 0.876953125 0.6517313312499999
1 0.6416015625 0.86549920625 0.634765625 0.888092559375 0.6328125 0.9923695703125001 0.6953125 0.9958454718749999 0.708984375 0.950658765625 0.705078125 0.87766485625 0.6904296875 0.86549920625 0.6416015625 0.86549920625
1 0.638671875 0.7942432453125 0.6376953125 0.86549920625 0.6904296875 0.86549920625 0.7070312515625 0.87766485625 0.708984375 0.8220504484375001 0.6982421875 0.7820775953125 0.6591796875 0.7786016953125 0.638671875 0.7942432453125
1 0.7275390625 0.848119703125 0.716796875 0.8915684578124999 0.7148437484375 0.9471828640625001 0.7685546875 0.9523967171875001 0.7929687484375 0.9784659687499999 0.7929687484375 0.888092559375 0.7851562515625 0.86028535625 0.7666015625 0.848119703125 0.7275390625 0.848119703125
1 0.8212890625 0.8585474046874999 0.810546875 0.9958454718749999 0.880859375 0.9958454718749999 0.888671875 0.9576105671875 0.8828125 0.8741889578125001 0.8623046875 0.855071503125 0.8212890625 0.8585474046874999
4 0.5859375 0.5231230140625 0.583984375 0.5196471125000001 0.5820312515625 0.47446040624999997 0.5732421875 0.46577065468749995 0.5517578125 0.46577065468749995 0.5498046875 0.4622947578125 0.5341796875 0.46577065468749995 0.5234375 0.48836400781249995 0.5117187484375 0.56483381875 0.5146484375 0.57004766875 0.5498046875 0.57699946875 0.5546875 0.5822133218750001 0.5546875 0.592641021875 0.5595703125 0.6082825734374999 0.5634765625 0.611758475 0.5742187484375 0.610020525 0.583984375 0.5856892203124999 0.583984375 0.5578820171875 0.5859375 0.55440611875 0.5859375 0.5231230140625
1 0.6357421875 0.4727224578125 0.6337890625 0.46924655625 0.6201171875 0.46924655625 0.6181640625 0.4727224578125 0.6142578125 0.4727224578125 0.611328125 0.47793630781249996 0.611328125 0.491839909375 0.609375 0.4953158109375 0.609375 0.543978415625 0.607421875 0.547454315625 0.607421875 0.5683097203125 0.6103515625 0.5735235703125 0.6142578125 0.5735235703125 0.6201171875 0.5630958703125 0.6318359375 0.5630958703125 0.6357421875 0.56657176875 0.6376953125 0.5735235703125 0.6455078125 0.5735235703125 0.6474609375 0.57699946875 0.6523437484375 0.5752615203125 0.654296875 0.5683097203125 0.654296875 0.481412209375 0.6494140625 0.4727224578125 0.6357421875 0.4727224578125
4 0.4140625 0.5092194125 0.4140625 0.481412209375 0.416015625 0.47793630781249996 0.4140625 0.45360500625 0.408203125 0.4397014046875 0.408203125 0.4327496015625 0.4033203125 0.424059853125 0.3994140625 0.424059853125 0.3974609375 0.42058395156249995 0.3681640625 0.42058395156249995 0.353515625 0.44317730468749994 0.345703125 0.46403270625 0.34375 0.47793630781249996 0.3486328125 0.4831501578125 0.3642578125 0.486626059375 0.373046875 0.5022676109375 0.375 0.5161712125 0.3798828125 0.5283368640624999 0.3876953125 0.5283368640624999 0.3916015625 0.531812765625 0.3935546875 0.538764565625 0.3984375 0.537026615625 0.4023437484375 0.5196471125000001 0.4072265625 0.5144332625 0.4111328125 0.5179091640625 0.4140625 0.5092194125
4 0.5117187484375 0.5405025171875 0.515625 0.5300748140625 0.515625 0.5196471125000001 0.517578125 0.5161712125 0.515625 0.47446040624999997 0.5117187484375 0.4605568046875 0.5068359375 0.45186705624999995 0.5009765625 0.45186705624999995 0.4990234375 0.4483911546875 0.4755859375 0.4483911546875 0.4677734375 0.45534295468749997 0.4648437484375 0.46403270625 0.4648437484375 0.4709845078125 0.4677734375 0.476198359375 0.4794921875 0.476198359375 0.486328125 0.48836400781249995 0.486328125 0.4953158109375 0.4882812515625 0.4987917125 0.4882812515625 0.5161712125 0.490234375 0.5196471125000001 0.490234375 0.56135791875 0.4931640625 0.56657176875 0.5078125 0.56483381875 0.509765625 0.56135791875 0.509765625 0.5509302171875 0.5117187484375 0.547454315625 0.5117187484375 0.5405025171875
4 0.5107421875 0.378873146875 0.517578125 0.3701833953125 0.517578125 0.3493279921875 0.515625 0.34237619218750004 0.5068359375 0.3267346390625 0.5029296875 0.3267346390625 0.5009765625 0.323258740625 0.4775390625 0.323258740625 0.4755859375 0.3267346390625 0.4716796875 0.3267346390625 0.46875 0.3319484921875 0.46875 0.3354243890625 0.4619140625 0.3475900421875 0.458984375 0.3493279921875 0.4570312515625 0.35627979375 0.4570312515625 0.36323159375 0.458984375 0.36670749375 0.458984375 0.3945146984375 0.4638671875 0.4032044484375 0.4951171875 0.4032044484375 0.4960937484375 0.4014665 0.4960937484375 0.3979905984375 0.4990234375 0.39625265 0.5068359375 0.378873146875 0.5107421875 0.378873146875
4 0.4570312515625 0.4327496015625 0.4570312515625 0.42579780156249997 0.458984375 0.42232190156250005 0.458984375 0.391038796875 0.4570312515625 0.3875628984375 0.4570312515625 0.38061109531250004 0.455078125 0.3771351953125 0.453125 0.36323159375 0.4482421875 0.35801774218750004 0.4228515625 0.35801774218750004 0.4208984375 0.36149364375 0.4130859375 0.36149364375 0.40625 0.373659296875 0.40625 0.38061109531250004 0.3984375 0.3875628984375 0.400390625 0.3945146984375 0.3984375 0.4014665 0.3984375 0.4153701015625 0.4013671875 0.42058395156249995 0.4033203125 0.42058395156249995 0.4101562515625 0.4327496015625 0.412109375 0.44317730468749994 0.4169921875 0.4483911546875 0.4384765625 0.4483911546875 0.4404296875 0.45186705624999995 0.4453125 0.4501291046875 0.4453125 0.446653203125 0.4501953125 0.4379634515625 0.4541015625 0.4379634515625 0.4570312515625 0.4327496015625
4 0.369140625 0.6864903328125 0.373046875 0.6656349328125 0.3710937484375 0.6413036265625001 0.3671875 0.634351828125 0.3671875 0.627400025 0.3632812515625 0.616972325 0.3564453125 0.6082825734374999 0.3447265625 0.6082825734374999 0.3427734375 0.604806671875 0.3154296875 0.604806671875 0.3115234375 0.6082825734374999 0.3007812515625 0.637827728125 0.3007812515625 0.6482554296874999 0.3310546875 0.6465174796875 0.3330078125 0.649993378125 0.3447265625 0.649993378125 0.349609375 0.6586831296875 0.353515625 0.6934421359375 0.3554687484375 0.696918034375 0.3554687484375 0.742104740625 0.359375 0.742104740625 0.3632812515625 0.735152940625 0.3632812515625 0.7212493390625 0.369140625 0.7038698359375 0.369140625 0.6864903328125
4 0.7958984375 0.4831501578125 0.798828125 0.47446040624999997 0.8007812515625 0.4501291046875 0.8046875 0.4397014046875 0.802734375 0.436225503125 0.802734375 0.42927370312499996 0.8007812515625 0.42232190156250005 0.7939453125 0.4101562484375 0.7822265625 0.4101562484375 0.7802734375 0.40668034999999997 0.7666015625 0.40668034999999997 0.7587890625 0.41363215000000003 0.751953125 0.42927370312499996 0.751953125 0.436225503125 0.744140625 0.4605568046875 0.7460937484375 0.46750860781250003 0.7460937484375 0.47446040624999997 0.7529296875 0.486626059375 0.7578125 0.4848881109375 0.7626953125 0.479674259375 0.7841796875 0.479674259375 0.7861328125 0.4831501578125 0.7958984375 0.4831501578125
4 0.8398437484375 0.4049423984375 0.8398437484375 0.3945146984375 0.837890625 0.391038796875 0.837890625 0.3771351953125 0.8359375 0.373659296875 0.8359375 0.3493279921875 0.8310546875 0.3406382421875 0.8212890625 0.3406382421875 0.8193359375 0.33716234218749996 0.8076171875 0.33716234218749996 0.8037109375 0.3406382421875 0.7929687484375 0.36323159375 0.787109375 0.4049423984375 0.7900390625 0.4101562484375 0.7958984375 0.4101562484375 0.7998046875 0.41363215000000003 0.8007812515625 0.418846 0.8095703125 0.431011653125 0.8212890625 0.431011653125 0.8232421875 0.434487553125 0.828125 0.4327496015625 0.8330078125 0.424059853125 0.8359375 0.42232190156250005 0.837890625 0.4084183 0.8398437484375 0.4049423984375