4 0.8720703125 0.813802084375 0.7978515625 0.810546875 0.779296875 0.8349609375 0.765625 0.909830728125 0.763671875 0.994466146875 0.80859375 0.997721353125 0.912109375 0.994466146875 0.908203125 0.9130859375 0.88671875 0.841471353125 0.8720703125 0.813802084375
4 0.6298828125 0.6770833328125 0.5654296875 0.673828125 0.548828125 0.6884765625 0.546875 0.714518228125 0.533203125 0.7503255203125 0.533203125 0.8675130203125001 0.5419921875 0.888671875 0.548828125 0.887044271875 0.658203125 0.877278646875 0.662109375 0.8349609375 0.654296875 0.753580728125 0.6298828125 0.6770833328125
4 0.2197265625 0.7877604171875 0.1748046875 0.7942708328125 0.158203125 0.838216146875 0.2041015625 0.8463541671874999 0.220703125 0.9000651046874999 0.232421875 0.9912109375 0.267578125 0.994466146875 0.27734375 0.9293619796874999 0.275390625 0.8610026046874999 0.259765625 0.802408853125 0.2197265625 0.7877604171875
4 0.0654296875 0.7649739578125 0.0009765625 0.7584635421875 0 0.9912109375 0.05078125 0.9912109375 0.060546875 0.9293619796874999 0.09375 0.8447265625 0.09375 0.831705728125 0.0654296875 0.7649739578125
1 0.4775390625 0.810546875 0.4150390625 0.817057290625 0.408203125 0.8349609375 0.404296875 0.994466146875 0.513671875 0.997721353125 0.517578125 0.9847005203125001 0.51171875 0.8251953140625 0.5009765625 0.813802084375 0.4775390625 0.810546875
7 0.4560546875 0.8072916671874999 0.46484375 0.792643228125 0.462890625 0.636393228125 0.4580078125 0.625 0.34375 0.6298828140625 0.3359375 0.8902994796874999 0.3505859375 0.9114583328125001 0.3818359375 0.908203125 0.3896484375 0.9244791671874999 0.396484375 0.9228515625 0.404296875 0.9000651046874999 0.41015625 0.8219401046874999 0.4189453125 0.810546875 0.4560546875 0.8072916671874999
7 0.1455078125 0.5729166671875 0.0986328125 0.5631510421875 0.0439453125 0.5631510421875 0.0283203125 0.576171875 0.017578125 0.603841146875 0.017578125 0.691731771875 0.009765625 0.7503255203125 0.0185546875 0.7584635421875 0.0634765625 0.7617187515625 0.0966796875 0.830078125 0.12109375 0.831705728125 0.134765625 0.8154296859375 0.154296875 0.763346353125 0.154296875 0.5843098953125 0.1455078125 0.5729166671875
7 0.95703125 0.574544271875 0.94921875 0.5419921859375 0.951171875 0.4931640625 0.9423828125 0.4817708328125 0.8701171875 0.478515625 0.8759765625 0.4915364578125 0.9462890625 0.4947916671875 0.94921875 0.528971353125 0.9404296875 0.5403645828125 0.8349609375 0.537109375 0.7919921875 0.546875 0.783203125 0.5615234375 0.78515625 0.7893880203125 0.7958984375 0.810546875 0.8759765625 0.813802084375 0.890625 0.8447265625 0.900390625 0.887044271875 0.9072265625 0.8984375 0.9267578125 0.8984375 0.9296875 0.9358723953125001 0.9453125 0.9391276046874999 0.953125 0.9065755203125001 0.94921875 0.714518228125 0.95703125 0.6298828140625 0.95703125 0.574544271875
7 0.861328125 0.45735677187499996 0.859375 0.369466146875 0.8544921875 0.3515625 0.8359375 0.333658853125 0.8359375 0.3076171859375 0.8310546875 0.302734375 0.7626953125 0.302734375 0.7255859375 0.315755209375 0.72265625 0.323893228125 0.724609375 0.3531901046875 0.71484375 0.4345703140625 0.71484375 0.568033853125 0.7236328125 0.595703125 0.7646484375 0.592447915625 0.779296875 0.6005859375 0.783203125 0.4833984375 0.7958984375 0.47200520937499996 0.8564453125 0.47200520937499996 0.861328125 0.45735677187499996
3 1 0.262044271875 0.9228515625 0.2539062484375 0.8779296875 0.276692709375 0.87109375 0.294596353125 0.86328125 0.3889973953125 0.865234375 0.4671223953125 0.9521484375 0.4817708328125 0.95703125 0.5517578140625 0.9716796875 0.5631510421875 1 0.5615234375 1 0.262044271875
1 0.765625 0.877278646875 0.779296875 0.8219401046874999 0.7734375 0.7666015625 0.7587890625 0.745442709375 0.6904296875 0.738932290625 0.6796875 0.7503255203125 0.673828125 0.7763671859375 0.671875 0.870768228125 0.666015625 0.8935546859375 0.671875 0.9521484375 0.6923828125 0.973307290625 0.734375 0.987955728125 0.7392578125 0.9635416671874999 0.7568359375 0.9635416671874999 0.763671875 0.9456380203125001 0.765625 0.877278646875
7 0.55859375 0.6689453140625 0.5625 0.5387369796875 0.5556640625 0.5273437515625 0.4873046875 0.5208333328125 0.4658203125 0.5273437515625 0.4609375 0.5387369796875 0.466796875 0.753580728125 0.4697265625 0.7617187515625 0.4912109375 0.7649739578125 0.509765625 0.7893880203125 0.515625 0.7666015625 0.541015625 0.7373046859375 0.548828125 0.685221353125 0.55859375 0.6689453140625
4 0.7568359375 0.6054687515625 0.6962890625 0.6087239578125 0.681640625 0.6559244796875 0.693359375 0.6982421859375 0.6953125 0.730794271875 0.7021484375 0.738932290625 0.7607421875 0.7421875 0.77734375 0.760091146875 0.783203125 0.7405598953125 0.783203125 0.675455728125 0.765625 0.613606771875 0.7568359375 0.6054687515625
4 0.71484375 0.597330728125 0.6982421875 0.5403645828125 0.6376953125 0.5338541671875 0.625 0.5452473953125 0.61328125 0.5810546859375 0.61328125 0.652669271875 0.6181640625 0.670572915625 0.638671875 0.6787109375 0.6611328125 0.6184895828125 0.6787109375 0.6477864578125 0.6982421875 0.6054687515625 0.71484375 0.597330728125
4 0.220703125 0.7438151046875 0.220703125 0.7047526046875 0.22265625 0.7014973953125 0.220703125 0.646158853125 0.2021484375 0.6054687515625 0.1572265625 0.5989583328125 0.154296875 0.607096353125 0.15625 0.6233723953125 0.154296875 0.7177734375 0.158203125 0.7405598953125 0.154296875 0.7568359375 0.154296875 0.7796223953125 0.1572265625 0.784505209375 0.189453125 0.7828776046875 0.1943359375 0.78125 0.2021484375 0.7649739578125 0.2138671875 0.7552083328125 0.220703125 0.7438151046875
4 0.3046875 0.535481771875 0.3046875 0.48990885312500004 0.30078125 0.4833984375 0.296875 0.4638671859375 0.2861328125 0.4459635421875 0.2744140625 0.4459635421875 0.2724609375 0.4427083328125 0.2353515625 0.4427083328125 0.2236328125 0.4492187515625 0.216796875 0.4606119796875 0.2177734375 0.46875 0.2431640625 0.47200520937499996 0.251953125 0.48990885312500004 0.2578125 0.5777994796875 0.2763671875 0.579427084375 0.2822265625 0.5859375 0.291015625 0.5843098953125 0.29296875 0.5712890625 0.302734375 0.558268228125 0.302734375 0.5387369796875 0.3046875 0.535481771875
4 0.25390625 0.535481771875 0.255859375 0.5322265625 0.25 0.48665364687499996 0.2392578125 0.47200520937499996 0.2255859375 0.47200520937499996 0.2236328125 0.46875 0.1884765625 0.47200520937499996 0.1767578125 0.478515625 0.16796875 0.4931640625 0.16015625 0.519205728125 0.16015625 0.528971353125 0.1630859375 0.5338541671875 0.2060546875 0.537109375 0.2109375 0.5452473953125 0.220703125 0.5843098953125 0.224609375 0.5908203140625 0.2265625 0.6103515625 0.2294921875 0.615234375 0.23828125 0.613606771875 0.251953125 0.597330728125 0.255859375 0.5777994796875 0.255859375 0.5387369796875 0.25390625 0.535481771875
7 0.3447265625 0.621744790625 0.3935546875 0.625 0.408203125 0.613606771875 0.408203125 0.5224609375 0.412109375 0.4931640625 0.4091796875 0.478515625 0.3701171875 0.4622395828125 0.3525390625 0.4622395828125 0.3193359375 0.4752604171875 0.310546875 0.4833984375 0.3046875 0.49641927187499996 0.302734375 0.6689453140625 0.306640625 0.6689453140625 0.3125 0.646158853125 0.3232421875 0.628255209375 0.3349609375 0.628255209375 0.3447265625 0.621744790625
7 0.5751953125 0.4557291671875 0.580078125 0.44759114687499996 0.58203125 0.4378255203125 0.580078125 0.41178385312500004 0.57421875 0.3857421859375 0.5673828125 0.3743489578125 0.5556640625 0.3743489578125 0.5537109375 0.3710937515625 0.5302734375 0.3710937515625 0.5205078125 0.3776041671875 0.5078125 0.40852864687499996 0.5078125 0.41829427187499996 0.501953125 0.44108072812500004 0.501953125 0.45735677187499996 0.5146484375 0.4622395828125 0.51953125 0.4703776046875 0.5224609375 0.4817708328125 0.55859375 0.48665364687499996 0.5625 0.4833984375 0.564453125 0.4671223953125 0.5712890625 0.4557291671875 0.5751953125 0.4557291671875
7 0.41015625 0.3824869796875 0.3984375 0.3564453140625 0.396484375 0.3434244796875 0.3916015625 0.3352864578125 0.3779296875 0.3352864578125 0.3759765625 0.3320312484375 0.3466796875 0.3320312484375 0.3427734375 0.3352864578125 0.3359375 0.3466796859375 0.330078125 0.372721353125 0.3408203125 0.3743489578125 0.34765625 0.3824869796875 0.34765625 0.3889973953125 0.35546875 0.40852864687499996 0.35546875 0.4443359375 0.3583984375 0.4492187515625 0.396484375 0.45084635312500004 0.400390625 0.4378255203125 0.4052734375 0.43619791562500004 0.41015625 0.4248046859375 0.41015625 0.3824869796875