3 0.984375 0.4635416671875 0.978515625 0.44965277812500004 1 0.4357638890625 0.9990234375 0.1145833328125 0.7021484375 0.12847222187500001 0.6396484375 0.14236111093749998 0.61328125 0.171875 0.580078125 0.3697916671875 0.5849609375 0.43055555625 0.6357421875 0.4479166671875 0.7001953125 0.5486111109375 0.7587890625 0.59375 0.939453125 0.6475694437499999 0.947265625 0.637152778125 0.94921875 0.5295138890625 0.9765625 0.49131944375 0.984375 0.4635416671875
3 0.4228515625 0.11805555625 0.412109375 0.24479166718749998 0.416015625 0.38368055624999997 0.4501953125 0.4201388890625 0.576171875 0.41840277812500004 0.59375 0.230902778125 0.6171875 0.1232638890625 0.5419921875 0.1041666671875 0.4228515625 0.11805555625
3 0.2646484375 0.097222221875 0.2421875 0.112847221875 0.2392578125 0.22569444375 0.3408203125 0.25 0.359375 0.3142361109375 0.373046875 0.32118055624999997 0.3955078125 0.2604166671875 0.41015625 0.26909722187499996 0.4208984375 0.1111111109375 0.2646484375 0.097222221875
4 0.7470703125 0.6979166671875 0.7490234375 0.71875 0.7705078125 0.7083333328125 0.77734375 0.6649305562500001 0.75390625 0.6475694437499999 0.767578125 0.612847221875 0.6904296875 0.5451388890625 0.6513671875 0.47222222187499996 0.6123046875 0.44444444375 0.4658203125 0.4270833328125 0.423828125 0.4739583328125 0.4345703125 0.5 0.4638671875 0.49652777812500004 0.470703125 0.5399305562500001 0.4951171875 0.5833333328125 0.513671875 0.5572916671875 0.53125 0.47743055625 0.5654296875 0.4583333328125 0.58984375 0.5225694437499999 0.603515625 0.6302083328125 0.646484375 0.644097221875 0.6484375 0.7135416671875 0.666015625 0.7447916671875 0.7060546875 0.7361111109375 0.708984375 0.7100694437499999 0.7255859375 0.7013888890625 0.7470703125 0.6979166671875
6 0.4453125 0.8836805562500001 0.4453125 0.769097221875 0.4072265625 0.746527778125 0.3447265625 0.7743055562500001 0.32421875 0.8107638890625 0.3125 0.8836805562500001 0.2841796875 0.8854166671874999 0.3046875 0.8107638890625 0.302734375 0.7829861109375 0.3388671875 0.7743055562500001 0.33984375 0.7552083328125 0.2978515625 0.6979166671875 0.2763671875 0.7048611109375 0.2734375 0.7482638890625 0.2265625 0.824652778125 0.2265625 0.8836805562500001 0.208984375 0.921875 0.203125 0.9774305562500001 0.234375 0.9947916671874999 0.2587890625 0.934027778125 0.2958984375 0.972222221875 0.4189453125 0.940972221875 0.4453125 0.8836805562500001
6 0.779296875 0.8767361109375 0.7646484375 0.8541666671874999 0.7451171875 0.847222221875 0.6806640625 0.8923611109375 0.6494140625 0.8541666671874999 0.5908203125 0.8298611109375 0.611328125 0.9010416671874999 0.5869140625 0.902777778125 0.533203125 0.9947916671874999 0.77734375 0.9982638890625 0.79296875 0.987847221875 0.794921875 0.956597221875 0.779296875 0.921875 0.779296875 0.8767361109375
6 0 0.9045138890625 0.01953125 0.9114583328125001 0.0615234375 0.875 0.1025390625 0.878472221875 0.125 0.859375 0.1396484375 0.6875 0.1083984375 0.6805555562500001 0.0458984375 0.7256944437499999 0 0.7204861109375 0 0.9045138890625
6 0 0.9392361109375 0.0009765625 1 0.21484375 0.9982638890625 0.1669921875 0.96875 0.158203125 0.9045138890625 0.1298828125 0.8680555562500001 0 0.9392361109375
6 0.07421875 0.4739583328125 0.06640625 0.39756944375000003 0.0341796875 0.3333333328125 0.01953125 0.3420138890625 0.001953125 0.39756944375000003 0.009765625 0.546875 0.0146484375 0.527777778125 0.0439453125 0.5381944437499999 0.052734375 0.4982638890625 0.07421875 0.4739583328125
6 0.201171875 0.5572916671875 0.21484375 0.543402778125 0.197265625 0.42534722187499996 0.1552734375 0.34375 0.126953125 0.44618055625 0.134765625 0.484375 0.130859375 0.5989583328125 0.138671875 0.5989583328125 0.1591796875 0.5625 0.1787109375 0.5625 0.1943359375 0.597222221875 0.201171875 0.5572916671875
6 0.310546875 0.359375 0.2900390625 0.3576388890625 0.271484375 0.41493055625 0.271484375 0.45659722187499996 0.251953125 0.47743055625 0.251953125 0.5295138890625 0.2626953125 0.5555555562500001 0.2783203125 0.559027778125 0.28125 0.512152778125 0.3037109375 0.5 0.3125 0.5607638890625 0.341796875 0.6267361109375 0.34765625 0.519097221875 0.3359375 0.48784722187499996 0.33984375 0.45659722187499996 0.310546875 0.359375