2 0.292578125 0.3815104171875 0.280859375 0.32421875 0.284765625 0.2981770828125 0.280859375 0.2565104171875 0.2671875 0.21484375 0.2544921875 0.20052083281250002 0.237890625 0.19140625 0.237890625 0.1705729171875 0.230078125 0.14453125 0.230078125 0.08723958281250001 0.2095703125 0.06770833281250001 0.1861328125 0.06770833281250001 0.165625 0.08984375 0.163671875 0.1002604171875 0.1734375 0.1731770828125 0.1646484375 0.1875 0.1373046875 0.1979166671875 0.1236328125 0.20833333281250002 0.11875 0.21744791718749998 0.112890625 0.24609375 0.108984375 0.30078125 0.11875 0.3138020828125 0.11875 0.39453125 0.12265625 0.44140625 0.11875 0.4622395828125 0.108984375 0.48046875 0.101171875 0.5065104171875 0.0953125 0.5611979171875 0.1041015625 0.578125 0.10703125 0.5768229171875 0.112890625 0.66015625 0.1177734375 0.6666666671875 0.136328125 0.6705729171875 0.11875 0.70703125 0.11875 0.7278645828125 0.1314453125 0.7395833328125 0.1412109375 0.7369791671875 0.1529296875 0.7265625 0.159765625 0.73046875 0.155859375 0.74609375 0.159765625 0.7565104171875 0.1578125 0.7669270828125 0.1607421875 0.7734375 0.165625 0.7747395828125 0.167578125 0.7825520828125 0.1734375 0.86328125 0.18125 0.9049479171874999 0.1861328125 0.9114583328125001 0.1958984375 0.9114583328125001 0.20078125 0.9049479171874999 0.2046875 0.87890625 0.2046875 0.81640625 0.2095703125 0.8046875 0.2232421875 0.8255208328125001 0.230078125 0.8294270828125001 0.233984375 0.83984375 0.237890625 0.8580729171874999 0.241796875 0.92578125 0.24765625 0.9466145828125001 0.2564453125 0.9479166671874999 0.261328125 0.9388020828125001 0.259375 0.87109375 0.2623046875 0.8671875 0.2740234375 0.8697916671874999 0.2876953125 0.8541666671874999 0.2974609375 0.8541666671874999 0.30234375 0.84765625 0.30234375 0.83984375 0.2974609375 0.8307291671874999 0.2876953125 0.8307291671874999 0.2671875 0.8138020828125001 0.2701171875 0.8020833328125001 0.2779296875 0.7994791671875 0.296484375 0.7799479171875 0.296484375 0.74609375 0.288671875 0.6497395828125 0.292578125 0.6315104171875 0.280859375 0.5377604171875 0.275 0.4544270828125 0.257421875 0.4361979171875 0.25546875 0.4205729171875 0.253515625 0.3684895828125 0.2564453125 0.3463541671875 0.26328125 0.3919270828125 0.275 0.41796875 0.276953125 0.4440104171875 0.2798828125 0.4479166671875 0.2876953125 0.4453125 0.2935546875 0.4557291671875 0.3013671875 0.4557291671875 0.30625 0.44921875 0.30625 0.4283854171875 0.292578125 0.4153645828125 0.292578125 0.3815104171875
2 0.70859375 0.36640625 0.706640625 0.33255208281250004 0.696875 0.298697915625 0.6822265625 0.28177083281250004 0.6685546875 0.279166665625 0.6607421875 0.271354165625 0.6470703125 0.26614583281250004 0.636328125 0.251822915625 0.63828125 0.22578125 0.634375 0.17630208281249998 0.628515625 0.16067708281249998 0.6138671875 0.146354165625 0.5943359375 0.146354165625 0.5806640625 0.1515625 0.562109375 0.173697915625 0.56015625 0.25442708281250004 0.5533203125 0.2609375 0.5279296875 0.263541665625 0.51328125 0.283072915625 0.499609375 0.33515625 0.4921875 0.409375 0.4921875 0.49890625 0.5015625 0.55390625 0.5015625 0.56953125 0.495703125 0.59296875 0.507421875 0.6216145828124999 0.5015625 0.6684895828124999 0.499609375 0.74140625 0.50546875 0.7778645828124999 0.515234375 0.8065104156249999 0.515234375 0.81953125 0.507421875 0.8403645828125 0.507421875 0.85859375 0.5142578125 0.8651041656249999 0.5318359375 0.8651041656249999 0.534765625 0.8690104156249999 0.507421875 0.9028645828125 0.49765625 0.9236979156249999 0.495703125 0.9393229156249999 0.5025390625 0.9536458328125 0.5240234375 0.9588541656249999 0.5298828125 0.95625 0.5435546875 0.9354166656249999 0.5748046875 0.925 0.577734375 0.9341145828125 0.577734375 0.96015625 0.58359375 0.96796875 0.58359375 0.9783854156249999 0.57578125 0.99140625 0.577734375 0.9966145828125 0.5884765890625 0.996875 0.6320033484375001 0.996875 0.636328125 0.9888020828125 0.632421875 0.9549479156249999 0.63828125 0.9471354156249999 0.63828125 0.9158854156249999 0.644140625 0.90546875 0.648046875 0.8091145828125 0.6470703125 0.721875 0.65 0.72578125 0.651953125 0.751822915625 0.651953125 0.8325520828125 0.648046875 0.88984375 0.648046875 0.9184895828125 0.651953125 0.9341145828125 0.65 0.99140625 0.6524609375 0.996875 0.699023409375 0.996875 0.710546875 0.9966145828125 0.710546875 0.9861979156249999 0.702734375 0.9731770828125 0.6958984375 0.9666666656249999 0.6900390625 0.9666666656249999 0.683203125 0.9549479156249999 0.68125 0.93671875 0.7046875 0.92890625 0.70078125 0.8013020828125 0.7046875 0.7231770828124999 0.69296875 0.63203125 0.69296875 0.60859375 0.6958984375 0.607291665625 0.7037109375 0.622916665625 0.7095703125 0.6255208328124999 0.71640625 0.6216145828124999 0.721875 0.6046006937499999 0.721875 0.5842447921875 0.714453125 0.5669270828124999 0.71640625 0.548697915625 0.721875 0.5365451390625 0.721875 0.52421875 0.718359375 0.42109375 0.70859375 0.36640625
2 1 0.3684895828125 0.9833984375 0.3541666671875 0.9736328125 0.3515625 0.9677734375 0.34375 0.9580078125 0.3411458328125 0.951171875 0.33203125 0.951171875 0.31640625 0.9453125 0.30859375 0.951171875 0.25390625 0.9453125 0.23307291718749998 0.9345703125 0.21875 0.9248046875 0.21354166718749998 0.9130859375 0.21354166718749998 0.8935546875 0.22135416718749998 0.876953125 0.23567708281250002 0.873046875 0.2981770828125 0.875 0.33984375 0.8642578125 0.3567708328125 0.8447265625 0.3645833328125 0.826171875 0.38671875 0.80859375 0.45703125 0.7880859375 0.4869791671875 0.7802734375 0.4869791671875 0.7734375 0.4778645828125 0.76953125 0.45703125 0.771484375 0.4309895828125 0.7666015625 0.4192708328125 0.7392578125 0.4140625 0.734375 0.4205729171875 0.734375 0.4283854171875 0.728515625 0.43359375 0.734375 0.44921875 0.736328125 0.4752604171875 0.740234375 0.4856770828125 0.7646484375 0.5208333328125 0.7861328125 0.5390625 0.8095703125 0.5364583328125 0.826171875 0.51953125 0.828125 0.5065104171875 0.8369140625 0.5 0.8486328125 0.4791666671875 0.8564453125 0.4791666671875 0.861328125 0.4856770828125 0.857421875 0.5455729171875 0.849609375 0.59765625 0.83984375 0.6080729171875 0.828125 0.6315104171875 0.828125 0.6549479171875 0.8203125 0.69921875 0.81640625 0.85546875 0.82421875 0.90234375 0.826171875 0.97265625 0.837890625 0.9856770828125001 0.8408203125 0.9973958328125001 0.8671875 0.99609375 0.8671875 0.9830729171874999 0.873046875 0.97265625 0.873046875 0.95703125 0.869140625 0.9440104171874999 0.869140625 0.79296875 0.875 0.7799479171875 0.876953125 0.7643229171875 0.904296875 0.7122395828125 0.9091796875 0.6875 0.9140625 0.70703125 0.912109375 0.66796875 0.916015625 0.6653645828125 0.91796875 0.6497395828125 0.890625 0.6419270828125 0.9013671875 0.640625 0.9072265625 0.6328125 0.96875 0.63671875 0.9677734375 0.6432291671875 0.9384765625 0.6432291671875 0.931640625 0.6471354171875 0.943359375 0.6861979171875 0.9541015625 0.7005208328125 0.966796875 0.7096354171875 0.96484375 0.76953125 0.95703125 0.8033854171874999 0.955078125 0.8268229171874999 0.958984375 0.8294270828125001 0.9521484375 0.8333333328125001 0.94921875 0.8294270828125001 0.94921875 0.8059895828125001 0.9453125 0.7981770828125 0.94921875 0.78515625 0.9404296875 0.7760416671875 0.9345703125 0.7786458328125 0.931640625 0.7747395828125 0.931640625 0.6705729171875 0.9248046875 0.6588541671875 0.921875 0.6731770828125 0.921875 0.73828125 0.916015625 0.7356770828125 0.9130859375 0.71875 0.90625 0.7408854171875 0.90625 0.7486979171875 0.912109375 0.75390625 0.912109375 0.7591145828125 0.9052734375 0.7578125 0.90234375 0.76171875 0.90234375 0.77734375 0.88671875 0.8372395828125001 0.8828125 0.88671875 0.884765625 0.93359375 0.880859375 0.9596354171874999 0.8828125 0.98828125 0.8876953125 0.9947916671874999 0.9384765625 0.9947916671874999 0.947265625 0.9752604171874999 0.951171875 0.94140625 0.94921875 0.93359375 0.9521484375 0.9322916671874999 0.9541015625 0.9401041671874999 0.958984375 0.93359375 0.95703125 0.9205729171874999 0.951171875 0.9153645828125001 0.951171875 0.90234375 0.9541015625 0.9036458328125001 0.9580078125 0.8958333328125001 0.966796875 0.8997395828125001 0.970703125 0.9231770828125001 0.9775390625 0.9322916671874999 1 0.93359375 1 0.87109375 0.9921875 0.8502604171874999 1 0.83984375 1 0.5950520828125 0.990234375 0.5846354171875 0.9921875 0.5299479171875 0.98828125 0.51953125 0.9912109375 0.5130208328125 0.9970703125 0.5234375 1 0.5221354171875 1 0.3684895828125
2 0.498046875 0.33255208281250004 0.4921875 0.290885415625 0.490234375 0.24401041562499998 0.482421875 0.22057291562499998 0.455078125 0.19453125 0.455078125 0.181510415625 0.4609375 0.165885415625 0.462890625 0.12942708281249998 0.45703125 0.111197915625 0.4443359375 0.099479165625 0.4326171875 0.099479165625 0.4248046875 0.1046875 0.4140625 0.1216145828125 0.4140625 0.18411458281249998 0.3857421875 0.1984375 0.3734375 0.2173677890625 0.3734375 0.21919981093750002 0.39453125 0.28567708281250004 0.39453125 0.29609375 0.38671875 0.306510415625 0.38671875 0.31953125 0.39453125 0.369010415625 0.39453125 0.41328125 0.3984375 0.42109375 0.39453125 0.46796875 0.3984375 0.4731770828125 0.3984375 0.501822915625 0.4013671875 0.503125 0.40625 0.49401041562500003 0.4033203125 0.47447916562500003 0.416015625 0.48359375 0.4140625 0.4966145828125 0.40625 0.501822915625 0.3994140625 0.51875 0.396484375 0.517447915625 0.40625 0.533072915625 0.396484375 0.533072915625 0.392578125 0.556510415625 0.392578125 0.57734375 0.396484375 0.587760415625 0.39453125 0.611197915625 0.400390625 0.65546875 0.400390625 0.69453125 0.4052734375 0.708854165625 0.4130859375 0.708854165625 0.41796875 0.6841145828124999 0.421875 0.6841145828124999 0.421875 0.7075520828124999 0.427734375 0.7309895828124999 0.4294921921875 0.73125 0.4373046875 0.73125 0.439453125 0.728385415625 0.4482421875 0.6828125 0.4599609375 0.685416665625 0.4677734375 0.6802083328124999 0.4921875 0.6528645828124999 0.490234375 0.6372395828124999 0.484375 0.63203125 0.4765625 0.58515625 0.48046875 0.5122395828124999 0.4765625 0.501822915625 0.4765625 0.4184895828125 0.470703125 0.38203125 0.474609375 0.361197915625 0.46875 0.35078125 0.46875 0.34296875 0.474609375 0.34036458281250004 0.4765625 0.369010415625 0.4892578125 0.378125 0.4990234375 0.39375 0.509375 0.3824573859375 0.509375 0.3684895828125 0.501953125 0.35859375 0.498046875 0.33255208281250004
6 0.0619140625 0.05729166718749999 0.0580078125 0.0442708328125 0.0501953125 0.0442708328125 0.039453125 0.05598958281250001 0.03359375 0.06901041718749999 0.03359375 0.1002604171875 0.0423828125 0.1197916671875 0.04921875 0.12109375 0.0306640625 0.1328125 0.0228515625 0.1458333328125 0.0150390625 0.1458333328125 0.01015625 0.15234375 0.000390625 0.18359375 0.000390625 0.20703125 0.008203125 0.22005208281250002 0.016015625 0.24869791718749998 0.021875 0.2565104171875 0.021875 0.2669270828125 0.039453125 0.2825520828125 0.0375 0.30859375 0.0345703125 0.3125 0.0248046875 0.3125 0.021875 0.3216145828125 0.021875 0.33984375 0.0296875 0.35546875 0.0296875 0.41015625 0.043359375 0.4283854171875 0.043359375 0.4518229171875 0.0296875 0.4752604171875 0.0345703125 0.484375 0.0482421875 0.484375 0.051171875 0.48828125 0.053125 0.5169270828125 0.05703125 0.5247395828125 0.0619140625 0.53125 0.0697265625 0.53125 0.078515625 0.54296875 0.08496094062500001 0.54375 0.08980468750000001 0.54375 0.09609375 0.5377604171875 0.1029296875 0.4921875 0.1359375 0.4783556546875 0.1359375 0.26614583281250004 0.133203125 0.2643229171875 0.13125 0.24609375 0.1234375 0.23307291718749998 0.1359375 0.2283110109375 0.1359375 0.15580575937500002 0.1205078125 0.1328125 0.105859375 0.1236979171875 0.117578125 0.07682291718749999 0.1009765625 0.046875 0.0904296859375 0.0421875 0.087825521875 0.0421875 0.0677734375 0.0494791671875 0.0619140625 0.05729166718749999
6 0.3330078125 0.4375 0.349609375 0.4231770828125 0.341796875 0.40234375 0.341796875 0.3919270828125 0.34765625 0.38671875 0.35 0.377777778125 0.33984375 0.3424479171875 0.337890625 0.3190104171875 0.33203125 0.30859375 0.328125 0.2903645828125 0.326171875 0.2669270828125 0.33203125 0.23307291718749998 0.3297619046875 0.2015873015625 0.3380952390625 0.1952380953125 0.3416666671875 0.1730158734375 0.3178571421875 0.174603175 0.302380953125 0.1523809515625 0.314453125 0.12890625 0.322265625 0.1106770828125 0.322265625 0.08463541718749999 0.3134765625 0.06770833281250001 0.3017578125 0.05989583281250001 0.2822265625 0.06510416718749999 0.2724609375 0.08072916718749999 0.2568359375 0.078125 0.2421875 0.08984375 0.23828125 0.09765625 0.2421875 0.1419270828125 0.228515625 0.1653645828125 0.23046875 0.17578125 0.2412109375 0.1875 0.2705078125 0.1979166671875 0.283203125 0.21223958281250002 0.29296875 0.2669270828125 0.29296875 0.28515625 0.30078125 0.3033854171875 0.2998046875 0.4036458328125 0.296875 0.3971354171875 0.296875 0.3111979171875 0.2939453125 0.3072916671875 0.2861328125 0.3125 0.283203125 0.3216145828125 0.283203125 0.44921875 0.2890625 0.4674479171875 0.2939453125 0.4739583328125 0.298828125 0.47265625 0.2998046875 0.4609375 0.3037109375 0.4635416671875 0.3134765625 0.4583333328125 0.322265625 0.44921875 0.3271484375 0.4375 0.3330078125 0.4375
4 0.2041015625 0 0.1962890625 0.0052083328125 0.177734375 0.04296875 0.169921875 0.06901041718749999 0.1708984375 0.08072916718749999 0.1923828125 0.06510416718749999 0.2138671875 0.06510416718749999 0.2392578125 0.08854166718749999 0.2587890625 0.07552083281250001 0.2744140625 0.07552083281250001 0.2802734375 0.06510416718749999 0.2900390625 0.05989583281250001 0.3037109375 0.05989583281250001 0.31640625 0.06901041718749999 0.322265625 0.08203125 0.3203125 0.1341145828125 0.3349609375 0.1484375 0.341796875 0.1627604171875 0.33984375 0.1731770828125 0.34375 0.22265625 0.328125 0.25390625 0.330078125 0.2825520828125 0.3369140625 0.2942708328125 0.341796875 0.2955729171875 0.341796875 0.3190104171875 0.3447265625 0.3229166671875 0.359375 0.3216145828125 0.375 0.3142857140625 0.3880952390625 0.303174603125 0.388671875 0.28515625 0.392578125 0.23046875 0.3984375 0.21484375 0.400390625 0.1966145828125 0.396484375 0.1106770828125 0.390625 0.1080729171875 0.3984375 0.09505208281250001 0.390625 0.08723958281250001 0.384765625 0.03515625 0.375 0.006510417187500001 0.3701171875 0 0.2041015625 0
4 0.4994140625 0.13916170625 0.4994140625 0.10791170624999999 0.4955078125 0.0896825390625 0.5052734375 0.0818700390625 0.5072265625 0.055828371875000005 0.5169921875 0.02197420625 0.5169921875 0.0115575390625 0.453515625 0.01025545625 0.418359375 0.020672121874999998 0.4056640625 0.0428075390625 0.3958984375 0.071453371875 0.3783203125 0.087078371875 0.3841796875 0.10791170624999999 0.3841796875 0.12353670624999999 0.3783203125 0.14697420625 0.3802734375 0.173015871875 0.38515625 0.17431795625 0.3900390625 0.1678075390625 0.3880859375 0.149578371875 0.3939453125 0.126140871875 0.406640625 0.106609621875 0.430078125 0.114422121875 0.4359375 0.10400545624999999 0.44375 0.098797121875 0.457421875 0.09619295624999999 0.473279390625 0.10777529687500001 0.47804129531250006 0.131584821875 0.4740234375 0.149578371875 0.474469865625 0.1934895828125 0.4896484375 0.20166170625 0.49294837812500003 0.2109375 0.493518815625 0.2109375 0.4935546875 0.1678075390625 0.4994140625 0.13916170625
4 0.5869140625 0 0.5673828125 0.0442708328125 0.560546875 0.0403645828125 0.5595703125 0.0286458328125 0.53515625 0.0325520828125 0.533203125 0.06119791718749999 0.55859375 0.06380208281250001 0.546875 0.09505208281250001 0.5498046875 0.1041666671875 0.5712890625 0.09375 0.5888671875 0.09375 0.609375 0.1158854171875 0.6142578125 0.140625 0.6337890625 0.1484375 0.64453125 0.1471354171875 0.6513671875 0.1380208328125 0.671875 0.1263020828125 0.669921875 0.08723958281250001 0.6806640625 0.0703125 0.6982421875 0.06770833281250001 0.7099609375 0.08333333281250001 0.7138671875 0.08333333281250001 0.728515625 0.06119791718749999 0.724609375 0.02734375 0.7119140625 0 0.5869140625 0
4 0.83974609375 0.000260415625 0.74013671875 0.000260415625 0.73525390625 0.0302083328125 0.73720703125 0.0406249984375 0.73134765625 0.05625 0.7296875 0.091666665625 0.7296875 0.099674478125 0.73330078125 0.12135416562500001 0.7375976609375 0.121875 0.74439453125 0.121875 0.74990234375 0.10963541562500001 0.76748046875 0.10963541562500001 0.77236328125 0.10572916562500001 0.78212890625 0.071875 0.80361328125 0.051041665624999996 0.80166015625 0.0249999984375 0.81044921875 0.010677082812499999 0.82607421875 0.0054687484375 0.83388671875 0.010677082812499999 0.8453125 0.028450518749999997 0.8453125 0.026432290625 0.84267578125 0.0041666656250000005 0.83974609375 0.000260415625
6 0.890476190625 0.043359375 0.890476190625 0.012109375 0.879734003125 0.000390625 0.868015253125 0.000390625 0.857273065625 0.0303385421875 0.861179315625 0.0459635421875 0.851711309375 0.0765811015625 0.8540922625 0.097216021875 0.8529017859374999 0.11943824375 0.861179315625 0.1345052078125 0.870944940625 0.144921875 0.874558221875 0.159375 0.8847633 0.159375 0.886569940625 0.144921875 0.902194940625 0.129296875 0.9046875 0.11434151875000001 0.9046875 0.09454985 0.900241815625 0.058984375 0.890476190625 0.043359375