4 0.587890625 0.887152778125 0.591796875 0.925347221875 0.5966796875 0.9270833328125001 0.599609375 0.918402778125 0.6015625 0.887152778125 0.607421875 0.855902778125 0.60546875 0.769097221875 0.6015625 0.7413194437499999 0.59765625 0.7274305562500001 0.5693359375 0.6770833328125 0.5400390625 0.6736111109375 0.5380859375 0.6701388890625 0.4775390625 0.6770833328125 0.4677734375 0.6875 0.451171875 0.7170138890625 0.4287109375 0.777777778125 0.4169921875 0.7708333328125 0.41015625 0.7760416671875 0.41015625 0.7864583328125 0.4169921875 0.7916666671875 0.4189453125 0.7881944437499999 0.421875 0.793402778125 0.421875 0.8038194437499999 0.40234375 0.8663194437499999 0.400390625 0.9392361109375 0.404296875 0.956597221875 0.4091796875 0.96875 0.4326171875 0.965277778125 0.4345703125 0.9618055562500001 0.4443359375 0.9618055562500001 0.4462890625 0.965277778125 0.5068359375 0.965277778125 0.5087890625 0.96875 0.5478515625 0.965277778125 0.5537109375 0.9756944437499999 0.55859375 0.9739583328125001 0.564453125 0.956597221875 0.56640625 0.921875 0.5849609375 0.8854166671874999 0.587890625 0.887152778125
4 0.3232421875 0.8819444437499999 0.3310546875 0.878472221875 0.3349609375 0.8854166671874999 0.3427734375 0.8854166671874999 0.349609375 0.8663194437499999 0.3515625 0.7829861109375 0.34375 0.7552083328125 0.34375 0.734375 0.3349609375 0.71875 0.3251953125 0.715277778125 0.3134765625 0.6944444437499999 0.2978515625 0.6875 0.2880859375 0.6875 0.2744140625 0.6805555562500001 0.2255859375 0.684027778125 0.2119140625 0.690972221875 0.1962890625 0.7083333328125 0.1796875 0.737847221875 0.1669921875 0.777777778125 0.1611328125 0.7673611109375 0.1513671875 0.7673611109375 0.1484375 0.7725694437499999 0.16015625 0.793402778125 0.16015625 0.800347221875 0.140625 0.831597221875 0.12890625 0.8802083328125001 0.12890625 0.9114583328125001 0.126953125 0.9149305562500001 0.12890625 0.9392361109375 0.1396484375 0.965277778125 0.1591796875 0.9618055562500001 0.1611328125 0.9583333328125001 0.1630859375 0.9618055562500001 0.1845703125 0.9618055562500001 0.1865234375 0.965277778125 0.1982421875 0.965277778125 0.2001953125 0.9618055562500001 0.2041015625 0.965277778125 0.2431640625 0.965277778125 0.2724609375 0.9548611109375 0.28515625 0.9739583328125001 0.29296875 0.956597221875 0.2978515625 0.9131944437499999 0.3037109375 0.909722221875 0.3232421875 0.8819444437499999
4 0.4228515625 0.652777778125 0.4296875 0.6336805562500001 0.427734375 0.546875 0.416015625 0.512152778125 0.41015625 0.484375 0.4052734375 0.47569444375 0.3837890625 0.46875 0.3818359375 0.47222222187499996 0.3505859375 0.47222222187499996 0.3486328125 0.47569444375 0.3271484375 0.4791666671875 0.3193359375 0.4861111109375 0.310546875 0.5017361109375 0.2919921875 0.5520833328125 0.2841796875 0.5451388890625 0.27734375 0.5538194437499999 0.2802734375 0.5625 0.2861328125 0.5625 0.2890625 0.5677083328125 0.279296875 0.6024305562500001 0.275390625 0.637152778125 0.2763671875 0.6770833328125 0.2802734375 0.6805555562500001 0.3037109375 0.6805555562500001 0.3173828125 0.690972221875 0.3603515625 0.690972221875 0.3623046875 0.6944444437499999 0.3837890625 0.690972221875 0.3896484375 0.6979166671875 0.3984375 0.6961805562500001 0.40234375 0.6892361109375 0.40625 0.6649305562500001 0.4130859375 0.652777778125 0.4228515625 0.652777778125
4 0.615234375 0.5677083328125 0.6171875 0.4947916671875 0.62109375 0.47743055625 0.62109375 0.45659722187499996 0.609375 0.4322916671875 0.6005859375 0.3923611109375 0.5927734375 0.3854166671875 0.5283203125 0.3854166671875 0.5224609375 0.3888888890625 0.505859375 0.41840277812500004 0.49609375 0.44965277812500004 0.4892578125 0.46180555625 0.4873046875 0.4583333328125 0.474609375 0.46006944375 0.4775390625 0.47222222187499996 0.48828125 0.4739583328125 0.482421875 0.4982638890625 0.4765625 0.5086805562500001 0.4765625 0.5329861109375 0.474609375 0.5364583328125 0.474609375 0.609375 0.4794921875 0.625 0.4853515625 0.625 0.4931640625 0.6041666671875 0.5751953125 0.6076388890625 0.5888671875 0.625 0.59375 0.6232638890625 0.599609375 0.609375 0.603515625 0.578125 0.6123046875 0.5763888890625 0.615234375 0.5677083328125
4 0.798828125 0.4357638890625 0.796875 0.4079861109375 0.7919921875 0.39930555624999997 0.7646484375 0.3958333328125 0.7626953125 0.3923611109375 0.7294921875 0.3958333328125 0.72265625 0.4045138890625 0.716796875 0.42534722187499996 0.712890625 0.453125 0.7099609375 0.4583333328125 0.6962890625 0.4583333328125 0.693359375 0.4635416671875 0.693359375 0.4739583328125 0.705078125 0.484375 0.69921875 0.5364583328125 0.701171875 0.5850694437499999 0.7041015625 0.59375 0.712890625 0.5920138890625 0.8037109375 0.590277778125 0.80859375 0.581597221875 0.810546875 0.45659722187499996 0.798828125 0.4357638890625
1 0.1513671875 0.6076388890625 0.1787109375 0.6076388890625 0.1826171875 0.6111111109375 0.1845703125 0.6076388890625 0.2314453125 0.6041666671875 0.2529296875 0.6319444437499999 0.263671875 0.6163194437499999 0.265625 0.605902778125 0.263671875 0.5920138890625 0.265625 0.5572916671875 0.2626953125 0.5520833328125 0.25 0.5538194437499999 0.248046875 0.4982638890625 0.2421875 0.49131944375 0.2216796875 0.43055555625 0.2138671875 0.4236111109375 0.1728515625 0.4236111109375 0.1708984375 0.4201388890625 0.1650390625 0.4236111109375 0.1259765625 0.4236111109375 0.1240234375 0.4201388890625 0.1064453125 0.4201388890625 0.09375 0.4357638890625 0.091796875 0.44618055625 0.09375 0.5086805562500001 0.087890625 0.550347221875 0.08984375 0.5711805562500001 0.0859375 0.5920138890625 0.095703125 0.612847221875 0.095703125 0.6232638890625 0.1005859375 0.625 0.1064453125 0.6388888890625 0.1103515625 0.6423611109375 0.126953125 0.640625 0.130859375 0.637152778125 0.1357421875 0.6145833328125 0.1435546875 0.6145833328125 0.1513671875 0.6076388890625
4 0.5439453125 0.38194444375000003 0.548828125 0.3732638890625 0.55078125 0.35590277812500004 0.548828125 0.3177083328125 0.541015625 0.30381944375000003 0.53515625 0.2795138890625 0.5302734375 0.2708333328125 0.5146484375 0.2673611109375 0.5048828125 0.2604166671875 0.5029296875 0.2638888890625 0.4814453125 0.2638888890625 0.4716796875 0.27430555624999997 0.462890625 0.29340277812500004 0.458984375 0.3177083328125 0.44140625 0.3697916671875 0.44140625 0.41493055625 0.4462890625 0.4236111109375 0.4501953125 0.4270833328125 0.4599609375 0.4270833328125 0.4619140625 0.4236111109375 0.4716796875 0.4270833328125 0.4794921875 0.4236111109375 0.4814453125 0.4270833328125 0.498046875 0.42534722187499996 0.517578125 0.39409722187499996 0.5185546875 0.3854166671875 0.5224609375 0.38194444375000003 0.5439453125 0.38194444375000003
4 0.66015625 0.36284722187499996 0.6484375 0.3385416671875 0.6484375 0.33159722187499996 0.6435546875 0.3229166671875 0.6357421875 0.31944444375000003 0.5908203125 0.31944444375000003 0.5810546875 0.3263888890625 0.568359375 0.36631944375000003 0.568359375 0.3802083328125 0.5732421875 0.3854166671875 0.5947265625 0.3854166671875 0.603515625 0.39756944375000003 0.609375 0.42881944375 0.62109375 0.44965277812500004 0.6220703125 0.4895833328125 0.6259765625 0.49305555625 0.6396484375 0.4895833328125 0.6494140625 0.49652777812500004 0.65234375 0.4947916671875 0.662109375 0.47743055625 0.6640625 0.4635416671875 0.666015625 0.38368055624999997 0.66015625 0.36284722187499996
4 0.7470703125 0.38194444375000003 0.7490234375 0.3854166671875 0.7607421875 0.3854166671875 0.763671875 0.3802083328125 0.765625 0.3697916671875 0.765625 0.296875 0.76171875 0.27256944375000003 0.7451171875 0.23958333281250002 0.7392578125 0.23611111093749998 0.6982421875 0.23611111093749998 0.685546875 0.2552083328125 0.677734375 0.2829861109375 0.659375 0.2833333328125 0.669921875 0.3177083328125 0.669921875 0.38715277812500004 0.673828125 0.390625 0.6845703125 0.37847222187499996 0.7177734375 0.37847222187499996 0.7197265625 0.38194444375000003 0.7470703125 0.38194444375000003
4 0.4013671875 0.3541666671875 0.4072265625 0.34722222187499996 0.4130859375 0.34722222187499996 0.4169921875 0.34027777812500004 0.4248046875 0.34375 0.4267578125 0.34027777812500004 0.4404296875 0.34027777812500004 0.4501953125 0.3333333328125 0.4609375 0.296875 0.462890625 0.2829861109375 0.4609375 0.25868055624999997 0.4482421875 0.23263888906250002 0.4248046875 0.215277778125 0.4111328125 0.21180555625 0.4091796875 0.215277778125 0.3857421875 0.215277778125 0.3681640625 0.222222221875 0.3564453125 0.23611111093749998 0.3466796875 0.25694444375000003 0.3359375 0.26215277812500004 0.3359375 0.2760416671875 0.32421875 0.30381944375000003 0.32421875 0.3385416671875 0.3291015625 0.3541666671875 0.337890625 0.35590277812500004 0.3427734375 0.34722222187499996 0.3564453125 0.34722222187499996 0.3642578125 0.3541666671875 0.4013671875 0.3541666671875
4 0.58203125 0.2760416671875 0.58203125 0.24479166718749998 0.580078125 0.24131944375 0.580078125 0.22395833281250002 0.572265625 0.18923611093749998 0.5673828125 0.18402777812499999 0.5478515625 0.18402777812499999 0.5458984375 0.18055555625 0.5400390625 0.18402777812499999 0.5361328125 0.18055555625 0.5263671875 0.1875 0.5224609375 0.18402777812499999 0.515625 0.19618055625 0.5078125 0.24131944375 0.5078125 0.25868055624999997 0.5322265625 0.2708333328125 0.537109375 0.2795138890625 0.5390625 0.29340277812500004 0.5498046875 0.3125 0.580078125 0.3142361109375 0.58203125 0.30381944375000003 0.58203125 0.2829861109375 0.580078125 0.2795138890625 0.58203125 0.2760416671875
4 0.677734375 0.2760416671875 0.681640625 0.2552083328125 0.6796875 0.203125 0.6728515625 0.19444444375 0.6337890625 0.19444444375 0.62109375 0.21701388906250002 0.609375 0.26215277812500004 0.609375 0.3142361109375 0.6337890625 0.31597222187499996 0.6474609375 0.3229166671875 0.66796875 0.32118055624999997 0.673828125 0.30034722187499996 0.669921875 0.2795138890625 0.6748046875 0.28125 0.677734375 0.2760416671875
4 0.1337890625 0.31944444375000003 0.1416015625 0.3020833328125 0.1494140625 0.2986111109375 0.1572265625 0.2986111109375 0.1630859375 0.3125 0.1669921875 0.3125 0.169921875 0.3072916671875 0.171875 0.26215277812500004 0.16796875 0.24826388906250002 0.1591796875 0.23958333281250002 0.1513671875 0.222222221875 0.1435546875 0.21180555625 0.1318359375 0.20486111093749998 0.0830078125 0.21180555625 0.072265625 0.230902778125 0.0703125 0.24131944375 0.0654296875 0.24305555625 0.05859375 0.2552083328125 0.056640625 0.29340277812500004 0.06640625 0.3107638890625 0.06640625 0.3177083328125 0.0703125 0.32465277812500004 0.0732421875 0.31597222187499996 0.0869140625 0.30902777812500004 0.1259765625 0.30902777812500004 0.1337890625 0.31944444375000003
1 0.8818359375 0.3611111109375 0.8837890625 0.3645833328125 0.888671875 0.35243055624999997 0.888671875 0.33506944375000003 0.890625 0.33159722187499996 0.888671875 0.24826388906250002 0.87890625 0.21701388906250002 0.8720703125 0.20833333281250002 0.8388671875 0.20833333281250002 0.83203125 0.22048611093749998 0.830078125 0.230902778125 0.826171875 0.3454861109375 0.830078125 0.359375 0.8369140625 0.36805555624999997 0.849609375 0.36631944375000003 0.8544921875 0.3611111109375 0.8681640625 0.3611111109375 0.8701171875 0.3645833328125 0.8818359375 0.3611111109375
4 0.5283203125 0.1666666671875 0.5419921875 0.1666666671875 0.544921875 0.1614583328125 0.544921875 0.140625 0.541015625 0.1232638890625 0.540625 0.1111111109375 0.5375 0.1111111109375 0.528125 0.11296296406249999 0.5166666671875 0.109259259375 0.49791666718750005 0.1148148140625 0.4927083328125 0.1166666671875 0.486328125 0.1232638890625 0.478515625 0.15451388906250002 0.48046875 0.22048611093749998 0.4833984375 0.23263888906250002 0.4990234375 0.22916666718749998 0.50390625 0.234375 0.51171875 0.21354166718749998 0.51171875 0.19965277812499999 0.517578125 0.18576388906250002 0.5283203125 0.1666666671875