3 0.2236328125 0.689553990625 0.2333984375 0.6565434265625 0.2373046875 0.6565434265625 0.2431640625 0.6748826296875 0.2490234375 0.6748826296875 0.2529296875 0.6565434265625 0.2568359375 0.6638791078125 0.2646484375 0.6528755875 0.2783203125 0.6602112671875 0.283203125 0.6327024640625 0.283203125 0.5813527 0.279296875 0.5593456578125 0.2763671875 0.553843896875 0.2314453125 0.553843896875 0.1806640625 0.5721830984375 0.17578125 0.5960240609375 0.173828125 0.6840522296875 0.1806640625 0.696889671875 0.193359375 0.6950557515625 0.197265625 0.6730487093749999 0.2041015625 0.6602112671875 0.2158203125 0.689553990625 0.2236328125 0.689553990625
3 0.546875 0.618031103125 0.5341796875 0.608861503125 0.4873046875 0.608861503125 0.4775390625 0.6161971828125 0.4609375 0.6510416671875 0.458984375 0.7830839203125 0.4638671875 0.792253521875 0.513671875 0.794087440625 0.5185546875 0.78125 0.5302734375 0.7739143187499999 0.546875 0.7464055171874999 0.546875 0.618031103125
3 0.5087890625 0.3997946015625 0.50390625 0.41629988281249997 0.505859375 0.4713174875 0.5205078125 0.498826290625 0.5419921875 0.49515845 0.5478515625 0.50249413125 0.552734375 0.5006602109375 0.55859375 0.48598885000000003 0.556640625 0.4089642015625 0.5439453125 0.3961267609375 0.5087890625 0.3997946015625
3 0.6943359375 0.634536384375 0.681640625 0.6730487093749999 0.681640625 0.7574090375 0.6865234375 0.7629107984375 0.6982421875 0.7482394359375 0.7060546875 0.7629107984375 0.7314453125 0.7629107984375 0.7431640625 0.777582159375 0.748046875 0.7757482390625 0.755859375 0.753741196875 0.755859375 0.6400381453125 0.7470703125 0.6308685453125 0.6943359375 0.634536384375
7 0.6396484375 0.5648474171875 0.5830078125 0.5685152578125 0.576171875 0.585020540625 0.578125 0.6583773468749999 0.5703125 0.6803843890625 0.57421875 0.6913879109375001 0.57421875 0.71706279375 0.5810546875 0.7225645546874999 0.5888671875 0.7115610328125 0.6083984375 0.7078931921875 0.6181640625 0.7152288734375001 0.6259765625 0.733568075 0.634765625 0.7317341546875 0.640625 0.720730634375 0.64453125 0.6950557515625 0.64453125 0.5703491781250001 0.6396484375 0.5648474171875
3 0.306640625 0.43097124375 0.3046875 0.40162852187500003 0.2880859375 0.3851232390625 0.2626953125 0.3851232390625 0.255859375 0.39796068125 0.25390625 0.44197476562500004 0.2607421875 0.46581572812500005 0.2724609375 0.4804870890625 0.279296875 0.47865316875 0.2841796875 0.46948356875 0.2978515625 0.46581572812500005 0.302734375 0.4566461265625 0.306640625 0.43097124375
4 0.873046875 0.849105046875 0.8779296875 0.8582746484375001 0.892578125 0.856440728125 0.89453125 0.7757482390625 0.8916015625 0.770246478125 0.8642578125 0.770246478125 0.853515625 0.7904196015625 0.849609375 0.801423121875 0.8515625 0.81242664375 0.84765625 0.849105046875 0.8544921875 0.8619424875 0.859375 0.86010856875 0.861328125 0.84543720625 0.8681640625 0.8325997656249999 0.873046875 0.8381015265625 0.873046875 0.849105046875
4 0.6416015625 0.9866490609375 0.6533203125 0.9793133796875001 0.6728515625 0.9793133796875001 0.67578125 0.9738116203124999 0.67578125 0.944468896875 0.6689453125 0.9022887328125 0.6533203125 0.8949530515624999 0.62109375 0.9004548124999999 0.61328125 0.9481367374999999 0.61328125 0.9958186625 0.625 0.9958186625 0.62890625 0.9738116203124999 0.6337890625 0.9683098593749999 0.638671875 0.9701437796875 0.6416015625 0.9866490609375
4 0.9560546875 0.784917840625 0.953125 0.801423121875 0.955078125 0.8747799296875 0.9755859375 0.8729460093749999 0.9775390625 0.880281690625 0.982421875 0.8784477703125001 0.98046875 0.8307658453125001 0.97265625 0.794087440625 0.9677734375 0.784917840625 0.9560546875 0.784917840625
4 0.642578125 0.8674442484375 0.640625 0.8344336859375 0.6357421875 0.8252640843749999 0.5966796875 0.8252640843749999 0.59375 0.8307658453125001 0.58984375 0.8674442484375 0.595703125 0.8821156109375 0.59765625 0.9077904921875 0.603515625 0.9077904921875 0.6103515625 0.8949530515624999 0.6142578125 0.8949530515624999 0.6201171875 0.87661385 0.642578125 0.8674442484375
0 0.775390625 0.8711120890625 0.775390625 0.8857834499999999 0.767578125 0.9004548124999999 0.76953125 0.9224618546875 0.765625 0.94080105625 0.765625 0.9554724171875 0.771484375 0.977479459375 0.77734375 0.9848151406250001 0.7890625 0.9554724171875 0.7890625 0.9004548124999999 0.7802734375 0.86927816875 0.775390625 0.8711120890625
1 0.7333984375 0.8069248828125 0.7060546875 0.8105927234375001 0.703125 0.8234301640625 0.7060546875 0.828931925 0.7158203125 0.828931925 0.73046875 0.86010856875 0.73046875 0.8857834499999999 0.73828125 0.8894512906250001 0.7421875 0.8857834499999999 0.744140625 0.8711120890625 0.7421875 0.8197623234375 0.7333984375 0.8069248828125