4 0.29296875 0.21354166718749998 0.3046875 0.18923611093749998 0.3046875 0.16493055625 0.2978515625 0.15625 0.2822265625 0.15277777812499999 0.2568359375 0.1354166671875 0.2021484375 0.12847222187500001 0.1708984375 0.13888888906250002 0.1416015625 0.1666666671875 0.1259765625 0.17013888906250002 0.119140625 0.1822916671875 0.11234375468749999 0.236026134375 0.1201171875 0.25 0.13205699531249998 0.260091003125 0.14453125 0.237847221875 0.1474950703125 0.228848890625 0.1496326359375 0.2174497578125 0.150582675 0.20647279062499999 0.1508201796875 0.1997177484375 0.1572265625 0.19444444375 0.1630859375 0.19097222187500001 0.173828125 0.203125 0.173828125 0.22395833281250002 0.1904296875 0.23611111093749998 0.2021484375 0.2708333328125 0.212890625 0.26909722187499996 0.2197265625 0.2638888890625 0.2861328125 0.2638888890625 0.291015625 0.2552083328125 0.29296875 0.21354166718749998
4 0.5556640625 0.2638888890625 0.5751953125 0.2638888890625 0.580078125 0.24826388906250002 0.58203125 0.22395833281250002 0.5791015625 0.21180555625 0.5478515625 0.1979166671875 0.5283203125 0.17013888906250002 0.5126953125 0.15625 0.4775390625 0.1458333328125 0.4326171875 0.1458333328125 0.4111328125 0.17013888906250002 0.3916015625 0.17361111093749998 0.3828125 0.1822916671875 0.380859375 0.22395833281250002 0.3876953125 0.25 0.4052734375 0.25694444375000003 0.408203125 0.237847221875 0.41796875 0.22048611093749998 0.419921875 0.1927083328125 0.4345703125 0.19097222187500001 0.439453125 0.19965277812499999 0.4375 0.22395833281250002 0.4453125 0.265625 0.46875 0.265625 0.5361328125 0.2638888890625 0.5419921875 0.25347222187499996 0.5478515625 0.25347222187499996 0.5556640625 0.2638888890625
4 0.880859375 0.26215277812500004 0.880859375 0.27256944375000003 0.8896484375 0.27777777812500004 0.892578125 0.27256944375000003 0.89453125 0.24479166718749998 0.890625 0.22743055625 0.8720703125 0.19097222187500001 0.8505859375 0.18055555625 0.7919921875 0.18055555625 0.7744140625 0.19097222187500001 0.7529296875 0.222222221875 0.7275390625 0.23611111093749998 0.72265625 0.24826388906250002 0.7255859375 0.25694444375000003 0.7392578125 0.25694444375000003 0.7568359375 0.27430555624999997 0.7783203125 0.25347222187499996 0.7900390625 0.25 0.791015625 0.237847221875 0.8017578125 0.22916666718749998 0.806640625 0.237847221875 0.8056640625 0.2604166671875 0.8212890625 0.246527778125 0.8408203125 0.20833333281250002 0.845703125 0.21354166718749998 0.853515625 0.2517361109375 0.849609375 0.296875 0.861328125 0.296875 0.86328125 0.2829861109375 0.873046875 0.2760416671875 0.8759765625 0.25347222187499996 0.880859375 0.26215277812500004
6 0.173828125 0.8975694437499999 0.1796875 0.8802083328125001 0.1796875 0.859375 0.169921875 0.8211805562500001 0.1630859375 0.809027778125 0.1396484375 0.8055555562500001 0.1083984375 0.8333333328125001 0.09765625 0.8107638890625 0.1025390625 0.8020833328125001 0.111328125 0.8038194437499999 0.109375 0.7760416671875 0.1025390625 0.7638888890625 0.0869140625 0.7638888890625 0.0751953125 0.7743055562500001 0.068359375 0.7552083328125 0.072265625 0.7482638890625 0.0693359375 0.7395833328125 0.0419921875 0.7430555562500001 0.01953125 0.7586805562500001 0.015625 0.7725694437499999 0.01953125 0.800347221875 0.0078125 0.831597221875 0.001953125 0.8697916671874999 0.00390625 0.887152778125 0 0.9045138890625 0.0009765625 0.996527778125 0.1875 0.9982638890625 0.19140625 0.980902778125 0.19140625 0.9392361109375 0.185546875 0.9114583328125001 0.173828125 0.8975694437499999
6 0.3173828125 0.9201388890625 0.3330078125 0.9166666671874999 0.33984375 0.894097221875 0.33984375 0.855902778125 0.326171875 0.793402778125 0.3095703125 0.7638888890625 0.2861328125 0.7569444437499999 0.27734375 0.762152778125 0.2705078125 0.7951388890625 0.2666015625 0.7951388890625 0.2587890625 0.777777778125 0.2294921875 0.777777778125 0.22265625 0.769097221875 0.216796875 0.7413194437499999 0.1865234375 0.6944444437499999 0.1748046875 0.6944444437499999 0.1689453125 0.6875 0.1533203125 0.6944444437499999 0.1484375 0.7100694437499999 0.1484375 0.769097221875 0.154296875 0.800347221875 0.1669921875 0.8125 0.171875 0.824652778125 0.181640625 0.8663194437499999 0.181640625 0.887152778125 0.193359375 0.918402778125 0.197265625 0.9947916671874999 0.2197265625 1 0.259765625 0.9982638890625 0.341796875 0.9947916671874999 0.31640625 0.9704861109375 0.314453125 0.925347221875 0.3173828125 0.9201388890625
6 0.1689453125 0.6875 0.1767578125 0.6805555562500001 0.1845703125 0.684027778125 0.1982421875 0.7118055562500001 0.2080078125 0.722222221875 0.21875 0.7170138890625 0.216796875 0.699652778125 0.2197265625 0.6944444437499999 0.2223254484375 0.6837729515625 0.22780052187500002 0.6677839640625 0.24109719218749998 0.6531853546875 0.240234375 0.640625 0.24266151093750002 0.6198170562499999 0.23828125 0.5954861109375 0.232421875 0.574652778125 0.2216796875 0.559027778125 0.2177734375 0.5694444437499999 0.2060546875 0.5694444437499999 0.2021484375 0.5798611109375 0.1904296875 0.5833333328125 0.1845703125 0.5694444437499999 0.166015625 0.550347221875 0.169921875 0.5399305562500001 0.1611328125 0.527777778125 0.1552734375 0.534722221875 0.1416015625 0.534722221875 0.1279296875 0.5208333328125 0.1044921875 0.5208333328125 0.09765625 0.5399305562500001 0.095703125 0.5607638890625 0.1015625 0.5920138890625 0.109375 0.605902778125 0.103515625 0.6649305562500001 0.0849609375 0.6666666671875 0.083984375 0.675347221875 0.08984375 0.6927083328125 0.1103515625 0.7256944437499999 0.1201171875 0.7291666671875 0.1376953125 0.753472221875 0.142578125 0.7517361109375 0.146484375 0.7482638890625 0.1484375 0.699652778125 0.1572265625 0.6875 0.1689453125 0.6875
6 0.0859375 0.5885416671875 0.080078125 0.578125 0.078125 0.546875 0.083984375 0.4982638890625 0.08203125 0.48784722187499996 0.0654296875 0.4513888890625 0.0439453125 0.4513888890625 0.0263671875 0.4270833328125 0.0048828125 0.4201388890625 0.00390625 0.42881944375 0.0078125 0.4392361109375 0.005859375 0.5017361109375 0.009765625 0.515625 0.00390625 0.5607638890625 0.005859375 0.578125 0.01953125 0.6163194437499999 0.0283203125 0.628472221875 0.0380859375 0.625 0.0400390625 0.6180555562500001 0.0458984375 0.6180555562500001 0.0498046875 0.6111111109375 0.0654296875 0.6180555562500001 0.07421875 0.637152778125 0.0859375 0.6857638890625 0.1005859375 0.715277778125 0.11328125 0.7239583328125 0.11328125 0.706597221875 0.091796875 0.6475694437499999 0.08984375 0.609375 0.0859375 0.5885416671875
6 0.40455674531249997 0.8873251249999999 0.4208984375 0.8923611109375 0.4287109375 0.9131944437499999 0.4541015625 0.9444444437499999 0.4775390625 0.9444444437499999 0.4921875 0.918402778125 0.48828125 0.8107638890625 0.478515625 0.7760416671875 0.482421875 0.7170138890625 0.46370459999999997 0.7168765390625 0.44984026093749996 0.7310170874999999 0.437794203125 0.7342492109375 0.435975921875 0.7415215046875 0.43120295468750003 0.7451576375 0.43279393749999995 0.7572781078124999 0.4389306234375 0.761318265625 0.43711234218749995 0.7819230578125 0.42188430156249995 0.787579284375 0.41211106875 0.7980836859375 0.4059744 0.7819230578125 0.40301969687500006 0.761318265625 0.39801944843750003 0.7419255453125 0.393019184375 0.733037165625 0.37726838749999997 0.7292976671875 0.368404296875 0.7309137046874999 0.356585503125 0.7309137046874999 0.34272116406249997 0.7292976671875 0.3310546875 0.715277778125 0.326171875 0.6927083328125 0.3154296875 0.6770833328125 0.2939453125 0.6701388890625 0.2734375 0.6892361109375 0.263671875 0.7135416671875 0.2578125 0.7413194437499999 0.259765625 0.762152778125 0.2685546875 0.777777778125 0.2783203125 0.7569444437499999 0.2939453125 0.7569444437499999 0.3115234375 0.7673611109375 0.328125 0.796875 0.33984375 0.8524305562500001 0.33984375 0.9010416671874999 0.3349609375 0.9166666671874999 0.318359375 0.925347221875 0.322265625 0.9600694437499999 0.3330078125 0.96875 0.375 0.9670138890625 0.3803129765625 0.9195589296875 0.386423190625 0.9167560078125 0.393321821875 0.8932813734374999 0.40455674531249997 0.8873251249999999
6 0.5576171875 0.8298611109375 0.5732421875 0.8298611109375 0.576171875 0.824652778125 0.578125 0.8038194437499999 0.57421875 0.796875 0.57421875 0.7864583328125 0.578125 0.7725694437499999 0.578125 0.7413194437499999 0.560546875 0.671875 0.55498089375 0.6744255515625001 0.5419921875 0.6875 0.5341796875 0.690972221875 0.5009765625 0.690972221875 0.4976161078125 0.6666695984375 0.48722819062499995 0.6549874421874999 0.48341221562500003 0.651972725 0.4768402734375 0.64669688125 0.46496837500000004 0.6319999921874999 0.4583964328125 0.6286083953125 0.45203648437500005 0.6335073578125 0.44843250625 0.6368989859374999 0.4482421875 0.6493055562500001 0.4228515625 0.6319444437499999 0.4111328125 0.6145833328125 0.3955078125 0.6145833328125 0.38671875 0.637152778125 0.38671875 0.6614583328125 0.376953125 0.671875 0.376953125 0.6892361109375 0.384765625 0.6961805562500001 0.3828125 0.7170138890625 0.4013671875 0.75 0.408203125 0.7552083328125 0.41015625 0.7795138890625 0.4150390625 0.7916666671875 0.4228515625 0.784722221875 0.4541015625 0.777777778125 0.4814453125 0.78125 0.486328125 0.8072916671874999 0.486328125 0.855902778125 0.4921875 0.8697916671874999 0.494140625 0.887152778125 0.494140625 0.921875 0.5 0.921875 0.5126953125 0.9131944437499999 0.517578125 0.890625 0.5478515625 0.8368055562500001 0.5576171875 0.8298611109375
6 0.2255859375 0.3888888890625 0.2705078125 0.3854166671875 0.2734375 0.3767361109375 0.26953125 0.36631944375000003 0.27734375 0.3454861109375 0.27734375 0.33506944375000003 0.2666015625 0.3229166671875 0.2353515625 0.33680555624999997 0.2119140625 0.3333333328125 0.203125 0.3142361109375 0.203125 0.29340277812500004 0.20703125 0.2864583328125 0.193359375 0.24131944375 0.1748046875 0.22916666718749998 0.171875 0.22395833281250002 0.171875 0.19965277812499999 0.1591796875 0.19444444375 0.150390625 0.206597221875 0.15234375 0.22048611093749998 0.13671875 0.25868055624999997 0.134765625 0.28993055624999997 0.140625 0.30034722187499996 0.1328125 0.3107638890625 0.134765625 0.3142361109375 0.123046875 0.3454861109375 0.123046875 0.4045138890625 0.1259765625 0.40972222187499996 0.1357421875 0.40972222187499996 0.1455078125 0.39930555624999997 0.1552734375 0.39930555624999997 0.1630859375 0.4166666671875 0.166015625 0.41493055625 0.1767578125 0.3888888890625 0.1865234375 0.38194444375000003 0.2177734375 0.38194444375000003 0.2255859375 0.3888888890625
6 0.48046875 0.6302083328125 0.48046875 0.5954861109375 0.4892578125 0.5833333328125 0.5029296875 0.5868055562500001 0.5185546875 0.6111111109375 0.52734375 0.609375 0.52734375 0.5711805562500001 0.51953125 0.5329861109375 0.509765625 0.515625 0.5078125 0.47743055625 0.4970703125 0.46180555625 0.4775390625 0.47222222187499996 0.46875 0.5260416671875 0.4619140625 0.527777778125 0.4482421875 0.5069444437499999 0.419921875 0.48784722187499996 0.419921875 0.453125 0.4111328125 0.43402777812500004 0.4033203125 0.4270833328125 0.3857421875 0.4270833328125 0.369140625 0.4739583328125 0.369140625 0.48784722187499996 0.3720703125 0.49305555625 0.392578125 0.4947916671875 0.388671875 0.5364583328125 0.3984375 0.5538194437499999 0.404296875 0.574652778125 0.40625 0.605902778125 0.4248046875 0.6319444437499999 0.4384765625 0.6423611109375 0.447265625 0.640625 0.455078125 0.6267361109375 0.458984375 0.6267361109375 0.4736328125 0.6354166671875 0.48046875 0.6302083328125
6 0.6474115828125 0.85659289375 0.6586546531249999 0.8483845765625 0.6586546531249999 0.8405331609375001 0.6622685046875 0.8312541843749999 0.6729092765625 0.8219752343750001 0.6859592703125 0.8219752343750001 0.6990092671875 0.832681721875 0.70081634375 0.8268837390625 0.6789325171875 0.807968959375 0.6591796875 0.8020833328125001 0.6544386703125 0.7922660921875 0.65234375 0.7586805562500001 0.6533203125 0.753472221875 0.6767578125 0.75 0.6859594375 0.7469419703125 0.693789421875 0.7408749578125 0.685546875 0.675347221875 0.6650390625 0.6388888890625 0.6435546875 0.6354166671875 0.6376953125 0.6493055562500001 0.6337890625 0.6493055562500001 0.6259765625 0.6388888890625 0.6083984375 0.6319444437499999 0.5927734375 0.6145833328125 0.5810546875 0.6145833328125 0.5732421875 0.621527778125 0.564453125 0.640625 0.564453125 0.6579861109375 0.5595703125 0.659722221875 0.5478515625 0.6388888890625 0.5166015625 0.6111111109375 0.4990234375 0.5868055562500001 0.4873046875 0.5868055562500001 0.482421875 0.5954861109375 0.484375 0.6475694437499999 0.5029296875 0.690972221875 0.5421518046875 0.686979671875 0.555001034375 0.674131890625 0.5606225765625 0.6787713656250001 0.5625 0.6927083328125 0.57421875 0.7204861109375 0.578125 0.7413194437499999 0.576171875 0.828125 0.5888671875 0.840277778125 0.5986328125 0.8680555562500001 0.6044921875 0.8611111109375 0.61328125 0.862847221875 0.607421875 0.894097221875 0.607421875 0.918402778125 0.6142578125 0.9305555562500001 0.6337890625 0.9444444437499999 0.6408893359375 0.9502093875 0.642578125 0.921875 0.65625 0.8975694437499999 0.6559470234375 0.8752639578125001 0.6474115828125 0.85659289375
6 0.9326171875 0.909722221875 0.9111328125 0.9166666671874999 0.8974609375 0.90625 0.8876953125 0.90625 0.8798828125 0.8958333328125001 0.8662109375 0.902777778125 0.8603515625 0.8888888890625 0.859375 0.9010416671874999 0.853515625 0.9079861109375 0.8564453125 0.9305555562500001 0.7822265625 0.9270833328125001 0.7783203125 0.9166666671874999 0.7685546875 0.9131944437499999 0.7626953125 0.8993055562500001 0.7529296875 0.8923611109375 0.7451171875 0.878472221875 0.7197265625 0.8645833328125001 0.705508815625 0.8522110218750001 0.69912654375 0.8375045359375 0.68565283125 0.8227980515625 0.6724155140625 0.8244787984374999 0.6610692312500001 0.8354036109375 0.659178196875 0.8484293624999999 0.6484375 0.855902778125 0.654296875 0.8732638890625 0.65625 0.9079861109375 0.6494140625 0.9131944437499999 0.642578125 0.9288194437499999 0.6513671875 0.940972221875 0.6653240921875 0.9278443734374999 0.7119140625 0.996527778125 0.890625 0.9982638890625 0.94140625 0.9947916671874999 0.939453125 0.9739583328125001 0.943359375 0.949652778125 0.9326171875 0.909722221875
6 0.9521484375 0.871527778125 0.9326171875 0.8680555562500001 0.9150390625 0.8506944437499999 0.8955078125 0.8194444437499999 0.8388671875 0.777777778125 0.8271484375 0.7743055562500001 0.8212890625 0.7569444437499999 0.8115234375 0.7569444437499999 0.80078125 0.7725694437499999 0.798828125 0.8142361109375 0.8125 0.859375 0.8564453125 0.934027778125 0.8720703125 0.9375 0.8955078125 0.96875 0.9013671875 0.996527778125 0.9404296875 0.996527778125 0.9423828125 0.9895833328125001 0.9462890625 0.996527778125 0.9619140625 1 1 0.9982638890625 0.9990234375 0.8680555562500001 0.9580078125 0.8680555562500001 0.9560546875 0.8576388890625 0.9521484375 0.871527778125
6 0.98828125 0.6579861109375 1 0.637152778125 0.9990234375 0.5416666671875 0.9736328125 0.5520833328125 0.9580078125 0.565972221875 0.9326171875 0.5451388890625 0.9248046875 0.5451388890625 0.912109375 0.5642361109375 0.90625 0.581597221875 0.90234375 0.6267361109375 0.9072265625 0.6354166671875 0.9326171875 0.6458333328125 0.9404296875 0.6631944437499999 0.947265625 0.668402778125 0.951171875 0.6857638890625 0.951171875 0.706597221875 0.947265625 0.7100694437499999 0.9453125 0.7274305562500001 0.951171875 0.730902778125 0.9599609375 0.715277778125 0.986328125 0.6892361109375 0.990234375 0.671875 0.98828125 0.6579861109375
6 0.26171875 0.5225694437499999 0.267578125 0.49131944375 0.267578125 0.4635416671875 0.26171875 0.4427083328125 0.263671875 0.42534722187499996 0.2490234375 0.3923611109375 0.2294921875 0.3923611109375 0.2216796875 0.38194444375000003 0.1865234375 0.38194444375000003 0.169921875 0.4045138890625 0.16796875 0.4427083328125 0.171875 0.45659722187499996 0.17578125 0.5329861109375 0.1826171875 0.5451388890625 0.189453125 0.546875 0.1982421875 0.5381944437499999 0.2333984375 0.5416666671875 0.2529296875 0.534722221875 0.26171875 0.5225694437499999
6 0.1318359375 0.5243055562500001 0.1533203125 0.5486111109375 0.1611328125 0.5486111109375 0.1689453125 0.559027778125 0.17578125 0.5572916671875 0.17578125 0.543402778125 0.171875 0.5364583328125 0.169921875 0.46006944375 0.15625 0.4357638890625 0.158203125 0.4079861109375 0.1533203125 0.39930555624999997 0.1435546875 0.39930555624999997 0.1396484375 0.40625 0.1298828125 0.39930555624999997 0.1162109375 0.40277777812500004 0.109375 0.4114583328125 0.111328125 0.421875 0.1083984375 0.44097222187499996 0.0986328125 0.4479166671875 0.076171875 0.44618055625 0.076171875 0.46006944375 0.08203125 0.48090277812500004 0.083984375 0.519097221875 0.080078125 0.5642361109375 0.0859375 0.5677083328125 0.09765625 0.5572916671875 0.09765625 0.5399305562500001 0.1044921875 0.5243055562500001 0.1318359375 0.5243055562500001
6 0.798828125 0.824652778125 0.798828125 0.7795138890625 0.8076171875 0.7638888890625 0.8134765625 0.7708333328125 0.8525390625 0.784722221875 0.8623046875 0.8020833328125001 0.8798828125 0.8020833328125001 0.890625 0.7760416671875 0.88671875 0.7482638890625 0.892578125 0.730902778125 0.8974609375 0.7256944437499999 0.9248046875 0.7291666671875 0.9342728765625001 0.7300216515625 0.9367683781249999 0.7189317453124999 0.9467504203124999 0.714495765625 0.94758224375 0.6734631171875 0.9403036765625 0.66754850625 0.934896759375 0.64980464375 0.9267863359374999 0.644629390625 0.9159724718750001 0.6398237390625 0.9049506515625 0.6398237390625 0.8987118796875 0.6575676015624999 0.8994140625 0.6770833328125 0.8623046875 0.690972221875 0.85546875 0.6788194437499999 0.853515625 0.6649305562500001 0.8408203125 0.6458333328125 0.8154296875 0.6493055562500001 0.7998046875 0.6423611109375 0.796875 0.6545138890625 0.8037109375 0.6631944437499999 0.8095703125 0.6631944437499999 0.81640625 0.6857638890625 0.7998046875 0.6875 0.7890625 0.699652778125 0.7734375 0.769097221875 0.7734375 0.7899305562500001 0.78125 0.8072916671874999 0.78125 0.8177083328125001 0.7587890625 0.840277778125 0.748046875 0.8663194437499999 0.7529296875 0.8888888890625 0.7626953125 0.8958333328125001 0.7705078125 0.9131944437499999 0.787109375 0.921875 0.7958984375 0.9166666671874999 0.8125 0.8802083328125001 0.80859375 0.8489583328125001 0.798828125 0.824652778125
6 0.7734375 0.800347221875 0.779296875 0.796875 0.78125 0.7795138890625 0.779296875 0.769097221875 0.7763671875 0.777777778125 0.775390625 0.769097221875 0.779296875 0.762152778125 0.779296875 0.7413194437499999 0.787109375 0.703125 0.7978515625 0.6875 0.8115234375 0.6875 0.81493864375 0.6806066484375 0.8096860359375 0.6668042875 0.7968970843750001 0.6578732984375 0.7959835859375 0.652189971875 0.7978105828125 0.6400113968750001 0.8090009078125 0.643664959375 0.8247586921875 0.6485363937499999 0.840973253125 0.6452887765625 0.8578729062500001 0.671675690625 0.875 0.6302083328125 0.8720703125 0.6006944437499999 0.8544921875 0.59375 0.8408203125 0.6076388890625 0.8154296875 0.6145833328125 0.7900390625 0.6354166671875 0.7685546875 0.6145833328125 0.7373046875 0.6111111109375 0.7255859375 0.590277778125 0.7138671875 0.5798611109375 0.7080078125 0.5798611109375 0.703125 0.5885416671875 0.69140625 0.6614583328125 0.69140625 0.6788194437499999 0.6875 0.6892361109375 0.689453125 0.7170138890625 0.6953125 0.7239583328125 0.697265625 0.7413194437499999 0.6865234375 0.7430555562500001 0.68359375 0.7482638890625 0.6875 0.7586805562500001 0.6845703125 0.7638888890625 0.6806640625 0.7604166671875 0.67578125 0.7760416671875 0.6787109375 0.78125 0.6845703125 0.7743055562500001 0.7080078125 0.78125 0.712890625 0.793402778125 0.712890625 0.831597221875 0.71875 0.859375 0.7353515625 0.871527778125 0.748046875 0.8697916671874999 0.7646484375 0.8333333328125001 0.779296875 0.8177083328125001 0.779296875 0.8072916671874999 0.7734375 0.800347221875
6 0.3125 0.668402778125 0.306640625 0.5850694437499999 0.2978515625 0.5694444437499999 0.2939453125 0.5694444437499999 0.296875 0.5225694437499999 0.2939453125 0.5173611109375 0.2822265625 0.5173611109375 0.2626953125 0.534722221875 0.2255859375 0.5416666671875 0.220703125 0.5364583328125 0.22265625 0.5295138890625 0.2138671875 0.503472221875 0.1865234375 0.5 0.181640625 0.512152778125 0.181640625 0.5225694437499999 0.189453125 0.5399305562500001 0.189453125 0.578125 0.1923828125 0.5833333328125 0.2060546875 0.5833333328125 0.240234375 0.6336805562500001 0.240234375 0.6892361109375 0.236328125 0.699652778125 0.236328125 0.7239583328125 0.2490234375 0.746527778125 0.255859375 0.7447916671875 0.267578125 0.699652778125 0.2763671875 0.684027778125 0.2919921875 0.6701388890625 0.3125 0.668402778125
6 0.390625 0.6197916671875 0.404296875 0.605902778125 0.400390625 0.5642361109375 0.396484375 0.550347221875 0.38671875 0.5364583328125 0.390625 0.5017361109375 0.3876953125 0.49652777812500004 0.3701171875 0.49652777812500004 0.3603515625 0.503472221875 0.3564453125 0.5208333328125 0.3427734375 0.527777778125 0.3076171875 0.5104166671875 0.2950217953125 0.5102107703125001 0.29754951093750004 0.5326768859375 0.29165152031249997 0.5678737796875 0.2958984375 0.5694444437499999 0.3046875 0.581597221875 0.3125 0.6163194437499999 0.3125 0.671875 0.3251953125 0.684027778125 0.3330078125 0.7083333328125 0.3515625 0.7135416671875 0.3583984375 0.7083333328125 0.384765625 0.6545138890625 0.384765625 0.6336805562500001 0.390625 0.6197916671875
4 0.4091796875 0.17013888906250002 0.4140625 0.16493055625 0.4140625 0.15798611093749998 0.3994140625 0.13888888906250002 0.3642578125 0.11805555625 0.3427734375 0.11805555625 0.3330078125 0.125 0.3134765625 0.121527778125 0.3046875 0.13368055625 0.302734375 0.15451388906250002 0.3056640625 0.15972222187500001 0.3193359375 0.16319444375 0.3349609375 0.1875 0.376953125 0.21354166718749998 0.380859375 0.21006944375 0.3828125 0.17881944375 0.3857421875 0.17361111093749998 0.4091796875 0.17013888906250002