3 0.7708333328125 0.9984375 0.8532443578125 0.9984375 0.9189453125 0.98154296875 0.9287109375 0.96689453125 0.9697265625 0.96396484375 0.9951171875 0.95517578125 1 0.944921875 0.99609375 0.8716796875 0.990234375 0.8453125 0.98046875 0.7603515625 0.978515625 0.69296875 0.96875 0.6314453125 0.962890625 0.6138671875 0.9541015625 0.60068359375 0.8955078125 0.57724609375 0.892578125 0.569921875 0.90234375 0.558203125 0.8994140625 0.55087890625 0.8525390625 0.55673828125 0.8173828125 0.53623046875 0.7978515625 0.53037109375 0.7841796875 0.51865234375 0.7607421875 0.51279296875 0.7431640625 0.50107421875 0.6813585062499999 0.475 0.6806635156249999 0.475 0.6796875 0.99765625 0.7708333328125 0.9984375
4 0.6875 0.84521484375 0.6875 0.82177734375 0.693359375 0.78955078125 0.6953125 0.74267578125 0.69140625 0.71044921875 0.6845703125 0.6943359375 0.63902354375 0.6882784328125 0.611879271875 0.6922828734375 0.5905198265625 0.703962503125 0.5787276484375 0.7129725062500001 0.5700503765625 0.721982503125 0.5654296875 0.7265625 0.517578125 0.80419921875 0.513671875 0.81591796875 0.498046875 0.83642578125 0.4919390703125 0.8460474484375 0.48793416875 0.8587281609374999 0.48828125 0.86279296875 0.484375 0.88330078125 0.486328125 0.91552734375 0.4970703125 0.9375 0.5068359375 0.943359375 0.5419921875 0.9462890625 0.5673828125 0.955078125 0.62890625 0.95361328125 0.6533203125 0.943359375 0.6611328125 0.9228515625 0.6748046875 0.9169921875 0.6796875 0.90673828125 0.681640625 0.86865234375 0.6875 0.84521484375
4 0 0.75732421875 0.005859375 0.75732421875 0.0439453125 0.744140625 0.0498046875 0.73828125 0.0595703125 0.73828125 0.0693359375 0.7294921875 0.1259765625 0.7470703125 0.1630859375 0.7470703125 0.1728515625 0.7529296875 0.1787109375 0.75 0.189453125 0.73388671875 0.193359375 0.71630859375 0.193359375 0.66064453125 0.1875 0.63134765625 0.1650390625 0.591796875 0.1298828125 0.57421875 0.0712890625 0.568359375 0.0185546875 0.5859375 0 0.60498046875 0 0.75732421875
7 0.35546875 0.52587890625 0.35546875 0.50244140625 0.3681640625 0.4833984375 0.380859375 0.49072265625 0.380859375 0.51416015625 0.388671875 0.52294921875 0.388671875 0.52880859375 0.3974609375 0.5390625 0.404296875 0.53759765625 0.404296875 0.48193359375 0.412109375 0.41748046875 0.412109375 0.35888671875 0.41015625 0.31494140625 0.4033203125 0.3046875 0.3662109375 0.2900390625 0.3271484375 0.2900390625 0.3037109375 0.298828125 0.2333984375 0.310546875 0.22265625 0.32080078125 0.220703125 0.39990234375 0.1982421875 0.4130859375 0.185546875 0.43505859375 0.16796875 0.50244140625 0.1640625 0.57275390625 0.1708984375 0.5830078125 0.1865234375 0.5859375 0.1962890625 0.6005859375 0.2724609375 0.59765625 0.2734375 0.60791015625 0.2822265625 0.62109375 0.2890625 0.61962890625 0.294921875 0.61376953125 0.3017578125 0.5859375 0.3251953125 0.5625 0.3291015625 0.55078125 0.3349609375 0.55078125 0.35546875 0.52587890625
7 0.26796875 0.418212890625 0.240625 0.359619140625 0.2484375 0.347900390625 0.2484375 0.327392578125 0.225 0.251220703125 0.2103515625 0.238037109375 0.1830078125 0.235107421875 0.1595703125 0.223388671875 0.0990234375 0.223388671875 0.0599609375 0.235107421875 0.055078125 0.248291015625 0.055078125 0.298095703125 0.0638671875 0.305419921875 0.0814453125 0.305419921875 0.0853515625 0.299560546875 0.0873046875 0.305419921875 0.0970703125 0.305419921875 0.109765625 0.315673828125 0.113671875 0.394775390625 0.1361328125 0.413818359375 0.146875 0.435791015625 0.1546875 0.465087890625 0.164453125 0.482666015625 0.16640625 0.511962890625 0.1703125 0.523681640625 0.1830078125 0.528076171875 0.1927734375 0.507568359375 0.199609375 0.503173828125 0.20546875 0.476806640625 0.2142578125 0.472412109375 0.223046875 0.485595703125 0.223046875 0.500244140625 0.238671875 0.520751953125 0.2403103296875 0.528125 0.2566731765625 0.528125 0.2572265625 0.528076171875 0.27578125 0.511962890625 0.2765625 0.490869140625 0.2765625 0.448681640625 0.27578125 0.441650390625 0.26796875 0.418212890625
4 0.209765625 0.65634765625 0.1970703125 0.6783203125 0.1814453125 0.7193359375 0.1796875 0.76416015625 0.1796875 0.77001953125 0.1833984375 0.78671875 0.1833984375 0.81015625 0.1912109375 0.839453125 0.19609375 0.84677734375 0.209765625 0.84677734375 0.221484375 0.82333984375 0.225390625 0.82333984375 0.3005859375 0.85703125 0.30423177031250004 0.8578125 0.3081814234375 0.8578125 0.3123046875 0.8541015625 0.3083984375 0.827734375 0.3005859375 0.8189453125 0.3005859375 0.7955078125 0.303515625 0.78818359375 0.41484375 0.76181640625 0.4234375 0.7517903640625 0.4234375 0.75138671875 0.408984375 0.73837890625 0.369921875 0.67978515625 0.323046875 0.65048828125 0.28876953125 0.6390625 0.2515625 0.6390625 0.229296875 0.64462890625 0.209765625 0.65634765625
4 0.70703125 0.63134765625 0.712890625 0.61376953125 0.7373046875 0.5888671875 0.7412109375 0.591796875 0.755859375 0.58447265625 0.755859375 0.56982421875 0.75 0.54638671875 0.7373046875 0.5361328125 0.6669921875 0.52734375 0.6044921875 0.568359375 0.58984375 0.59033203125 0.57421875 0.64013671875 0.568359375 0.67236328125 0.568359375 0.70458984375 0.564453125 0.71044921875 0.5654296875 0.720703125 0.572265625 0.71923828125 0.5869140625 0.703125 0.6201171875 0.6884765625 0.6533203125 0.685546875 0.6943359375 0.6943359375 0.703125 0.67822265625 0.70703125 0.63134765625
4 0.568359375 0.62841796875 0.568359375 0.61669921875 0.5791015625 0.6123046875 0.5966796875 0.57421875 0.619140625 0.55517578125 0.607421875 0.52001953125 0.5927734375 0.50390625 0.5361328125 0.4921875 0.5146484375 0.4921875 0.4853515625 0.5009765625 0.48046875 0.50830078125 0.4814453125 0.5126953125 0.4677734375 0.515625 0.4365234375 0.556640625 0.408203125 0.59912109375 0.3984375 0.62255859375 0.392578125 0.64892578125 0.4150390625 0.6943359375 0.4228515625 0.7001953125 0.4560546875 0.703125 0.46875 0.68408203125 0.46875 0.65185546875 0.4873046875 0.6474609375 0.4912109375 0.6533203125 0.5029296875 0.6533203125 0.509765625 0.66357421875 0.5078125 0.66943359375 0.517578125 0.69287109375 0.51953125 0.71630859375 0.525390625 0.72216796875 0.529296875 0.71923828125 0.5419921875 0.6826171875 0.568359375 0.66650390625 0.57421875 0.64306640625 0.57421875 0.63427734375 0.568359375 0.62841796875
4 0.609765625 0.448095703125 0.562890625 0.386572265625 0.539453125 0.374853515625 0.492578125 0.374853515625 0.469140625 0.380712890625 0.43984375 0.410009765625 0.43203125 0.412939453125 0.4251953125 0.426123046875 0.4234375 0.460400390625 0.4234375 0.465380859375 0.4291015625 0.499365234375 0.43984375 0.521337890625 0.44765625 0.515478515625 0.453515625 0.503759765625 0.469140625 0.497900390625 0.4984375 0.492041015625 0.5453125 0.492041015625 0.57265625 0.500830078125 0.578515625 0.512548828125 0.58046875 0.509619140625 0.59609375 0.521337890625 0.60390625 0.535986328125 0.6130013015625 0.5421875 0.6153971359375 0.5421875 0.628125 0.523095703125 0.628125 0.518701171875 0.6263671875 0.481787109375 0.609765625 0.448095703125
4 0.891796875 0.4015625 0.85859375 0.3458984375 0.81171875 0.3224609375 0.794140625 0.3224609375 0.782421875 0.3166015625 0.731640625 0.3224609375 0.721875 0.3283203125 0.7130859375 0.34150390625 0.7091796875 0.36201171875 0.7033203125 0.37373046875 0.7033203125 0.43525390625 0.70625 0.4396484375 0.72578125 0.425 0.73359375 0.4279296875 0.74921875 0.4220703125 0.77265625 0.4220703125 0.7765625 0.41328125 0.78046875 0.419140625 0.801953125 0.4220703125 0.821484375 0.43671875 0.8458984375 0.47333984375 0.8498046875 0.48798828125 0.860546875 0.5041015625 0.8703125 0.5099609375 0.895703125 0.50703125 0.903515625 0.51875 0.9103515625 0.52021484375 0.9171875 0.5216796875 0.9201171875 0.50556640625 0.925 0.5041015625 0.92890625 0.4923828125 0.934375 0.4888671875 0.934375 0.4550631015625 0.923046875 0.425 0.891796875 0.4015625
4 0.935546875 0.525537109375 0.8984375 0.458154296875 0.8779296875 0.430322265625 0.8681640625 0.424462890625 0.8408203125 0.421533203125 0.8076171875 0.424462890625 0.7802734375 0.433251953125 0.7734375 0.440576171875 0.7640625 0.477138671875 0.7640625 0.486279296875 0.7646484375 0.497705078125 0.7841796875 0.509423828125 0.8056640625 0.509423828125 0.8173828125 0.524072265625 0.8681640625 0.550439453125 0.8857421875 0.553369140625 0.9248046875 0.547509765625 0.927734375 0.551904296875 0.927734375 0.571875 0.9390625 0.571875 0.9390625 0.541357421875 0.935546875 0.525537109375
7 0.937109375 0.309423828125 0.925390625 0.250830078125 0.9205078125 0.243505859375 0.913671875 0.242041015625 0.913671875 0.218603515625 0.9068359375 0.205419921875 0.8736328125 0.202490234375 0.890234375 0.192236328125 0.8775390625 0.181982421875 0.8345703125 0.181982421875 0.8052734375 0.193701171875 0.7720703125 0.199560546875 0.6255859375 0.155615234375 0.61875 0.162939453125 0.6171875 0.247314453125 0.6171875 0.270361328125 0.62265625 0.297705078125 0.62265625 0.315283203125 0.6275390625 0.322607421875 0.6353515625 0.328466796875 0.6587890625 0.316748046875 0.6900390625 0.313818359375 0.7076171875 0.319677734375 0.7291015625 0.319677734375 0.7662109375 0.334326171875 0.7720703125 0.343115234375 0.7818359375 0.346044921875 0.7828125 0.353369140625 0.7974609375 0.375341796875 0.8130859375 0.387060546875 0.8189453125 0.404638671875 0.8423828125 0.422216796875 0.8580078125 0.451513671875 0.8892578125 0.451513671875 0.89970703125 0.4671875 0.90380859375 0.4671875 0.9126953125 0.466162109375 0.917578125 0.458837890625 0.917578125 0.450048828125 0.92734375 0.441259765625 0.93125 0.417822265625 0.940625 0.40657226562500004 0.940625 0.337841796875 0.937109375 0.329931640625 0.937109375 0.309423828125
3 0.630859375 0.25341796875 0.642578125 0.23583984375 0.642578125 0.22412109375 0.6484375 0.20947265625 0.6650390625 0.19921875 0.6669921875 0.1875 0.6845703125 0.181640625 0.7275390625 0.181640625 0.7705078125 0.1962890625 0.8056640625 0.193359375 0.8125 0.18603515625 0.8125 0.14208984375 0.806640625 0.12158203125 0.7998046875 0.111328125 0.7744140625 0.1025390625 0.6884765625 0.10546875 0.5498046875 0.1552734375 0.5283203125 0.1552734375 0.5068359375 0.169921875 0.5 0.18017578125 0.4921875 0.20361328125 0.48828125 0.23583984375 0.484375 0.38232421875 0.4873046875 0.38671875 0.5107421875 0.3720703125 0.5078125 0.36474609375 0.5107421875 0.36328125 0.5146484375 0.3720703125 0.5654296875 0.3720703125 0.5849609375 0.3779296875 0.6103515625 0.404296875 0.61328125 0.40283203125 0.619140625 0.38818359375 0.6171875 0.33837890625 0.62109375 0.32373046875 0.62109375 0.30322265625 0.62890625 0.27685546875 0.630859375 0.25341796875
7 0.3203125 0.06005859375 0.306640625 0.04541015625 0.3037109375 0.0322265625 0.2958984375 0.029296875 0.2333984375 0.017578125 0.2041015625 0.0234375 0.1796875 0.04541015625 0.1748046875 0.09375 0.1435546875 0.10546875 0.1279296875 0.10546875 0.1162109375 0.1142578125 0.1044921875 0.111328125 0.0751953125 0.1201171875 0.044921875 0.13330078125 0.1181640625 0.140625 0.1357421875 0.146484375 0.1474609375 0.140625 0.1474609375 0.15234375 0.1708984375 0.158203125 0.1796875 0.16552734375 0.177734375 0.21240234375 0.18359375 0.21826171875 0.2255859375 0.2138671875 0.2392578125 0.205078125 0.3212890625 0.17578125 0.32421875 0.16845703125 0.3203125 0.14501953125 0.3203125 0.06005859375
7 0.5498046875 0.15234375 0.5595703125 0.146484375 0.5712890625 0.146484375 0.5869140625 0.140625 0.5908203125 0.134765625 0.6044921875 0.134765625 0.6357421875 0.123046875 0.640625 0.11572265625 0.6376953125 0.111328125 0.6103515625 0.1142578125 0.5576171875 0.10546875 0.556640625 0.08935546875 0.5458984375 0.087890625 0.5361328125 0.0673828125 0.5166015625 0.0615234375 0.5126953125 0.052734375 0.4951171875 0.046875 0.4345703125 0.046875 0.4267578125 0.052734375 0.4150390625 0.052734375 0.41015625 0.06005859375 0.41015625 0.07470703125 0.3984375 0.08642578125 0.39453125 0.10400390625 0.388671875 0.17431640625 0.390625 0.18603515625 0.384765625 0.22119140625 0.3876953125 0.2255859375 0.4072265625 0.228515625 0.4580078125 0.2314453125 0.4677734375 0.234375 0.4755859375 0.24609375 0.482421875 0.24462890625 0.49609375 0.18603515625 0.5107421875 0.1640625 0.5263671875 0.15234375 0.5400390625 0.15234375 0.5439453125 0.1435546875 0.5498046875 0.15234375
6 0.51953125 0.79541015625 0.5234375 0.74560546875 0.51953125 0.73388671875 0.517578125 0.69580078125 0.505859375 0.68115234375 0.505859375 0.66064453125 0.4931640625 0.65625 0.4853515625 0.6474609375 0.4755859375 0.6474609375 0.46875 0.65478515625 0.470703125 0.68408203125 0.431640625 0.74267578125 0.431640625 0.75732421875 0.427734375 0.76904296875 0.427734375 0.78662109375 0.431640625 0.79248046875 0.431640625 0.80126953125 0.421875 0.81298828125 0.41796875 0.82470703125 0.412109375 0.84814453125 0.412109375 0.87451171875 0.4189453125 0.8935546875 0.4375 0.89501953125 0.4521484375 0.8583984375 0.4873046875 0.85546875 0.490234375 0.84228515625 0.5009765625 0.8232421875 0.513671875 0.81005859375 0.51953125 0.79541015625
6 0.392578125 0.546826171875 0.373046875 0.520458984375 0.375 0.497021484375 0.3681640625 0.486767578125 0.3583984375 0.486767578125 0.35546875 0.491162109375 0.35546875 0.517529296875 0.34765625 0.526318359375 0.345703125 0.535107421875 0.34765625 0.561474609375 0.33203125 0.570263671875 0.33203125 0.590771484375 0.328125 0.593701171875 0.33203125 0.611279296875 0.33984375 0.620068359375 0.34362630156249996 0.6484375 0.3458528640625 0.6484375 0.3603515625 0.642041015625 0.40625 0.634716796875 0.40625 0.570263671875 0.392578125 0.555615234375 0.392578125 0.546826171875
6 0.984375 0.32958984375 0.984375 0.30322265625 0.9765625 0.29150390625 0.9736328125 0.275390625 0.962890625 0.27978515625 0.962890625 0.29443359375 0.943359375 0.32666015625 0.94140625 0.36181640625 0.9375 0.37060546875 0.9375 0.41162109375 0.9404296875 0.416015625 0.9453125 0.41455078125 0.9521484375 0.3984375 0.9638671875 0.3984375 0.9716796875 0.4072265625 0.98046875 0.36474609375 0.990234375 0.35888671875 0.984375 0.32958984375
7 0.948046875 0.1880859375 0.951953125 0.1763671875 0.96953125 0.1880859375 0.9744140625 0.17783203125 0.9724609375 0.16611328125 0.975390625 0.1529296875 0.996875 0.155859375 0.9998046875 0.15146484375 0.9998046875 0.12802734375 0.9939453125 0.11337890625 0.9939453125 0.09873046875 0.9861328125 0.06650390625 0.9861328125 0.03427734375 0.98125 0.026953125 0.96953125 0.0240234375 0.959765625 0.015234375 0.9158203125 0.01669921875 0.9158203125 0.17783203125 0.9275390625 0.20126953125 0.928515625 0.2015625 0.9330078125 0.2015625 0.93828125 0.191015625 0.948046875 0.1880859375