4 0.6724609375 0.937152778125 0.6783203125 0.9475694453125 0.6822265625 0.9475694453125 0.687109375 0.9388888890624999 0.6890625 0.9076388890624999 0.6919921875 0.90243055625 0.6998046875 0.905902778125 0.7046875 0.88680555625 0.698828125 0.8069444453125 0.6744140625 0.7635416671875 0.6685546875 0.7600694453125 0.6041015625 0.7600694453125 0.5865234375 0.7704861109375 0.5650390625 0.8225694453125 0.5552734375 0.815625 0.5484375 0.8208333343750001 0.5513671875 0.8329861109375001 0.56015625 0.8416666671874999 0.5484375 0.8798611109375001 0.550390625 0.9388888890624999 0.55625 0.94930555625 0.558984371875 0.95 0.5642578125 0.95 0.5826171875 0.93368055625 0.6724609375 0.937152778125
4 0.5068359375 0.78125 0.4990234375 0.78125 0.4794921875 0.7326388890625 0.4033203125 0.7291666671875 0.390625 0.7482638890625 0.3779296875 0.78125 0.369140625 0.7864583328125 0.37890625 0.800347221875 0.375 0.828125 0.376953125 0.855902778125 0.3798828125 0.8611111109375 0.390625 0.862847221875 0.390625 0.8732638890625 0.38671875 0.8802083328125001 0.3896484375 0.8888888890625 0.4697265625 0.8958333328125001 0.4755859375 0.8923611109375 0.4912109375 0.8958333328125001 0.4951171875 0.902777778125 0.50390625 0.9010416671874999 0.505859375 0.8350694437499999 0.5 0.8072916671874999 0.5029296875 0.7986111109375 0.509765625 0.793402778125 0.509765625 0.7864583328125 0.5068359375 0.78125
4 0.3732421875 0.7932291671875 0.364453125 0.7776041671875 0.282421875 0.7810763890625 0.2716796875 0.8001736109375001 0.2638671875 0.8244791671874999 0.2541015625 0.86961805625 0.24921875 0.864409721875 0.2423828125 0.8661458328125 0.2521484375 0.8835069453125 0.2443359375 0.9529513890624999 0.2462890625 0.99461805625 0.28828125 0.9963541671874999 0.301953125 0.989409721875 0.305859375 0.9963541671874999 0.3673828125 0.9980902781250001 0.36796875 0.9984375 0.3708705359375 0.9984375 0.3751953125 0.9876736109375001 0.3751953125 0.9668402781250001 0.3869140625 0.9494791671874999 0.3875 0.9255208343750001 0.3875 0.8659722234375 0.3810546875 0.848784721875 0.3732421875 0.7932291671875
4 0.2890625 0.734375 0.2890625 0.7204861109375 0.259765625 0.6579861109375 0.2470703125 0.6388888890625 0.2373046875 0.6354166671875 0.2314453125 0.6180555562500001 0.1904296875 0.6076388890625 0.1513671875 0.6111111109375 0.1337890625 0.6180555562500001 0.126953125 0.6267361109375 0.1171875 0.6614583328125 0.140625 0.668402778125 0.142578125 0.7586805562500001 0.1611328125 0.7743055562500001 0.1708984375 0.8020833328125001 0.1796875 0.800347221875 0.1845703125 0.7916666671875 0.2099609375 0.7951388890625 0.2568359375 0.7881944437499999 0.279296875 0.7552083328125 0.283203125 0.737847221875 0.2890625 0.734375
4 0.3044921875 0.716927084375 0.309375 0.708246528125 0.32109375 0.708246528125 0.326953125 0.7151909734374999 0.3328125 0.7117187515625 0.3533203125 0.6648437515625 0.3748046875 0.6335937515625 0.3728515625 0.62664930625 0.366015625 0.61102430625 0.35234375 0.607552084375 0.2859375 0.61102430625 0.2673828125 0.6440104171875001 0.2478515625 0.6960937515625 0.2439453125 0.7342881953125 0.248828125 0.7464409734374999 0.2537109375 0.748177084375 0.25942380625 0.7484375 0.292626953125 0.7484375 0.3044921875 0.7273437515625 0.3044921875 0.716927084375
4 0.611328125 0.626302084375 0.625 0.6158854171875 0.623046875 0.5915798624999999 0.6123046875 0.5655381953124999 0.6044921875 0.5585937515625 0.5400390625 0.5620659734375 0.53125 0.5742187515625 0.515625 0.6158854171875 0.515625 0.6610243062500001 0.5185546875 0.666232640625 0.5615234375 0.666232640625 0.5712890625 0.6801215296875001 0.6005859375 0.6766493062500001 0.6014485671875 0.68125 0.6052978515625 0.68125 0.603515625 0.6749131953124999 0.611328125 0.626302084375
4 0.65625 0.7170138890625 0.65234375 0.6927083328125 0.6416015625 0.6736111109375 0.6357421875 0.6701388890625 0.5791015625 0.6701388890625 0.568359375 0.6857638890625 0.5595703125 0.722222221875 0.5478515625 0.71875 0.544921875 0.7239583328125 0.5478515625 0.7326388890625 0.5556640625 0.7326388890625 0.55859375 0.737847221875 0.552734375 0.7725694437499999 0.552734375 0.796875 0.560546875 0.796875 0.56640625 0.7795138890625 0.5810546875 0.7604166671875 0.6572265625 0.7604166671875 0.658203125 0.737847221875 0.662109375 0.7274305562500001 0.65625 0.7170138890625
4 0.029296875 0.612847221875 0.025390625 0.637152778125 0.025390625 0.6545138890625 0.0283203125 0.659722221875 0.115234375 0.6614583328125 0.125 0.6302083328125 0.1328125 0.6163194437499999 0.12890625 0.5989583328125 0.1162109375 0.5833333328125 0.0478515625 0.5833333328125 0.029296875 0.612847221875
1 0.4267578125 0.597222221875 0.4130859375 0.590277778125 0.3642578125 0.590277778125 0.3544921875 0.597222221875 0.3515625 0.6336805562500001 0.375 0.703125 0.375 0.7239583328125 0.3779296875 0.7291666671875 0.39453125 0.7274305562500001 0.3994140625 0.722222221875 0.4267578125 0.7256944437499999 0.43359375 0.7170138890625 0.4375 0.6788194437499999 0.435546875 0.6163194437499999 0.4267578125 0.597222221875
1 0.5232421875 0.664583334375 0.5251953125 0.6298611109375 0.51640625 0.617708334375 0.463671875 0.617708334375 0.451953125 0.624652778125 0.4470703125 0.63680555625 0.4453125 0.7118055562500001 0.4453125 0.7217013890625 0.4490234375 0.7513888890625 0.45390625 0.7600694453125 0.475390625 0.7600694453125 0.47763671875 0.7640625 0.47907586406249997 0.7640625 0.498828125 0.7322916671875 0.5328125 0.7202083328125 0.5328125 0.7185185187500001 0.5271484375 0.671527778125 0.5232421875 0.664583334375
1 0.498046875 0.574652778125 0.4931640625 0.5625 0.4482421875 0.5555555562500001 0.4326171875 0.559027778125 0.427734375 0.5677083328125 0.42578125 0.5954861109375 0.435546875 0.6163194437499999 0.4375 0.6788194437499999 0.4404296875 0.684027778125 0.4453125 0.6822916671875 0.44921875 0.6788194437499999 0.453125 0.6302083328125 0.4580078125 0.6180555562500001 0.4951171875 0.6145833328125 0.498046875 0.609375 0.498046875 0.574652778125
4 0.3662109375 0.6006076390625 0.3759765625 0.5971354171875001 0.3857421875 0.5728298625 0.3935546875 0.5728298625 0.396484375 0.567621528125 0.3837890625 0.5311631953125 0.3720703125 0.5242187515625 0.3330078125 0.5242187515625 0.3154296875 0.5346354171875001 0.306640625 0.5537326390625 0.298828125 0.5849826390625 0.3056640625 0.5901909734374999 0.3388671875 0.5936631953125 0.34375 0.6058159734374999 0.3455426890625 0.628125 0.347788784375 0.628125 0.3583984375 0.6179687515625 0.3662109375 0.6006076390625
4 0.4453125 0.4982638890625 0.4384765625 0.4861111109375 0.4287109375 0.4791666671875 0.3798828125 0.4791666671875 0.3720703125 0.4861111109375 0.361328125 0.5086805562500001 0.36328125 0.519097221875 0.3681640625 0.527777778125 0.3779296875 0.53125 0.4013671875 0.5833333328125 0.421875 0.5885416671875 0.427734375 0.5642361109375 0.4365234375 0.5555555562500001 0.4462890625 0.5555555562500001 0.453125 0.5329861109375 0.453125 0.519097221875 0.4453125 0.4982638890625
4 0.5244140625 0.5138888890625 0.5068359375 0.5069444437499999 0.4716796875 0.503472221875 0.4619140625 0.5138888890625 0.451171875 0.546875 0.4560546875 0.5555555562500001 0.4755859375 0.5555555562500001 0.4912109375 0.5625 0.498046875 0.574652778125 0.498046875 0.5920138890625 0.5048828125 0.597222221875 0.5087890625 0.6111111109375 0.513671875 0.609375 0.515625 0.5920138890625 0.5234375 0.581597221875 0.5234375 0.574652778125 0.541015625 0.550347221875 0.537109375 0.5329861109375 0.5244140625 0.5138888890625
4 0.117578125 0.533072915625 0.1107421875 0.5209201375 0.0462890625 0.5209201375 0.0326171875 0.5591145828124999 0.0248046875 0.5591145828124999 0.021875 0.564322915625 0.0296875 0.5747395828124999 0.0306640625 0.5834201375 0.0462890625 0.57647569375 0.0736328125 0.57647569375 0.1048828125 0.5834201375 0.1234375 0.6129340265625001 0.125390625 0.6372395828124999 0.129296875 0.6372395828124999 0.1296875 0.6247395828125 0.1296875 0.5719618046875 0.121484375 0.557378471875 0.117578125 0.533072915625
4 0.0498046875 0.5138888890625 0.0810546875 0.5173611109375 0.0908203125 0.5243055562500001 0.087890625 0.5052083328125 0.0751953125 0.4861111109375 0.0263671875 0.4895833328125 0.017578125 0.5052083328125 0.015625 0.5225694437499999 0.0078125 0.5329861109375 0.009765625 0.581597221875 0.015625 0.5954861109375 0.0234375 0.5885416671875 0.021484375 0.574652778125 0.02734375 0.5677083328125 0.03125 0.546875 0.0419921875 0.5208333328125 0.0498046875 0.5138888890625
4 0.2166015625 0.59600694375 0.2185546875 0.56475694375 0.2146484375 0.536979165625 0.2166015625 0.53350694375 0.2087890625 0.50225694375 0.198046875 0.49010416562500003 0.162890625 0.49010416562500003 0.1453125 0.49704861093749997 0.1345703125 0.536979165625 0.1345703125 0.5508680546875 0.162890625 0.5595486109375 0.1638671875 0.5508680546875 0.1736328125 0.53350694375 0.1736328125 0.5265625 0.184375 0.51788194375 0.1892578125 0.5265625 0.1892578125 0.536979165625 0.198046875 0.552604165625 0.2029296875 0.5543402765625001 0.2029296875 0.56475694375 0.1951171875 0.5751736109375 0.1951171875 0.592534721875 0.1970703125 0.6029513890625 0.2048828125 0.6133680546875 0.206835940625 0.6140625 0.2099609375 0.6140625 0.2126953125 0.599479165625 0.2166015625 0.59600694375
4 0.5283203125 0.46180555625 0.4833984375 0.46180555625 0.474609375 0.4739583328125 0.470703125 0.48784722187499996 0.4716796875 0.5 0.4814453125 0.5069444437499999 0.5244140625 0.5104166671875 0.5419921875 0.5451388890625 0.55078125 0.550347221875 0.548828125 0.512152778125 0.5517578125 0.5138888890625 0.5546875 0.5052083328125 0.5478515625 0.5 0.541015625 0.48090277812500004 0.5283203125 0.46180555625
4 0.160546875 0.373177084375 0.1556640625 0.3610243046875 0.1517578125 0.357552084375 0.1146484375 0.357552084375 0.109765625 0.36623263906250003 0.101953125 0.394010415625 0.1029296875 0.42005208281249995 0.1068359375 0.4235243046875 0.1166015625 0.4235243046875 0.1185546875 0.42699652656250003 0.1224609375 0.42699652656250003 0.1302734375 0.42005208281249995 0.1380859375 0.4026909734375 0.1439453125 0.4026909734375 0.144921875 0.4078993046875 0.1546875 0.4252604171875 0.1546875 0.42873263906250003 0.160546875 0.43567708281249995 0.160986328125 0.4359375 0.164306640625 0.4359375 0.1671875 0.430815971875 0.1671875 0.39487847187499997 0.160546875 0.380121528125 0.160546875 0.373177084375
4 0.266796875 0.43020833437499995 0.219921875 0.43368055625 0.2091796875 0.45625 0.2091796875 0.46666666718750005 0.235546875 0.46840277812500003 0.255523003125 0.5140625 0.2704101625 0.5140625 0.2765625 0.5135416671875 0.2814453125 0.48402777812500003 0.2875 0.46788194531249994 0.2875 0.46185515937500005 0.282421875 0.45798611093749997 0.266796875 0.43020833437499995
4 0.3759765625 0.4236111109375 0.3525390625 0.4201388890625 0.3232421875 0.4236111109375 0.31640625 0.44618055625 0.31640625 0.4670138890625 0.3232421875 0.47222222187499996 0.3349609375 0.5 0.359375 0.5052083328125 0.3662109375 0.5 0.3740234375 0.4826388890625 0.3916015625 0.4791666671875 0.39453125 0.4739583328125 0.38671875 0.4322916671875 0.3759765625 0.4236111109375
6 0.6595703125 0.6000868046875001 0.6478515625 0.58619791875 0.6390625 0.594878471875 0.6390625 0.605295140625 0.63125 0.6157118046875001 0.62734375 0.63307291875 0.629296875 0.6469618046875001 0.625390625 0.657378471875 0.625390625 0.6712673609375 0.633203125 0.69557291875 0.6354003875 0.696875 0.6363464359375001 0.696875 0.6498046875 0.66953125 0.6654296875 0.6660590296875 0.6671875 0.662934028125 0.6671875 0.6337673609375 0.66640625 0.6157118046875001 0.6595703125 0.6000868046875001
4 0 0.48784722187499996 0.00390625 0.4947916671875 0.00390625 0.5017361109375 0.001953125 0.5052083328125 0.001953125 0.5329861109375 0.00390625 0.5364583328125 0.00390625 0.550347221875 0.005859375 0.550347221875 0.0078125 0.546875 0.009765625 0.5295138890625 0.015625 0.519097221875 0.01953125 0.4947916671875 0.0263671875 0.4861111109375 0.0732421875 0.4861111109375 0.07421875 0.47743055625 0.068359375 0.45659722187499996 0.0615234375 0.4479166671875 0.0185546875 0.4479166671875 0.0146484375 0.4513888890625 0.009765625 0.4704861109375 0.0048828125 0.4791666671875 0 0.48090277812500004 0 0.48784722187499996
1 0.48046875 0.453125 0.4755859375 0.44444444375 0.4697265625 0.44444444375 0.4677734375 0.44097222187499996 0.4384765625 0.44097222187499996 0.4365234375 0.44444444375 0.4326171875 0.44097222187499996 0.4306640625 0.44444444375 0.4267578125 0.44444444375 0.421875 0.453125 0.421875 0.4739583328125 0.4248046875 0.4791666671875 0.4326171875 0.4791666671875 0.4365234375 0.4826388890625 0.447265625 0.5017361109375 0.447265625 0.5052083328125 0.4501953125 0.5104166671875 0.4541015625 0.5138888890625 0.458984375 0.512152778125 0.46875 0.5017361109375 0.46875 0.4947916671875 0.47265625 0.484375 0.47265625 0.47743055625 0.48046875 0.46006944375 0.48046875 0.453125
4 0.0947265625 0.43402777812500004 0.091796875 0.42881944375 0.091796875 0.421875 0.0810546875 0.40625 0.0751953125 0.40277777812500004 0.0341796875 0.40277777812500004 0.02734375 0.41493055625 0.0224609375 0.43055555625 0.0166015625 0.43055555625 0.013671875 0.4357638890625 0.0205078125 0.44444444375 0.0498046875 0.44444444375 0.0517578125 0.4479166671875 0.0634765625 0.4479166671875 0.0703125 0.46006944375 0.0771484375 0.4861111109375 0.0830078125 0.4895833328125 0.08984375 0.48784722187499996 0.099609375 0.4670138890625 0.09765625 0.4635416671875 0.09765625 0.4427083328125 0.1005859375 0.44097222187499996 0.1015625 0.4357638890625 0.0947265625 0.43402777812500004
3 0.412109375 0.19618055625 0.4091796875 0.19097222187500001 0.4033203125 0.19097222187500001 0.3974609375 0.18055555625 0.3876953125 0.18055555625 0.3857421875 0.1770833328125 0.3564453125 0.1770833328125 0.3544921875 0.18055555625 0.3486328125 0.18055555625 0.34765625 0.18576388906250002 0.337890625 0.203125 0.337890625 0.22048611093749998 0.3359375 0.22395833281250002 0.337890625 0.22743055625 0.33984375 0.24826388906250002 0.3447265625 0.25347222187499996 0.3486328125 0.25 0.3681640625 0.246527778125 0.3701171875 0.24305555625 0.3720703125 0.246527778125 0.3876953125 0.246527778125 0.3916015625 0.25347222187499996 0.3984375 0.2517361109375 0.4033203125 0.246527778125 0.4072265625 0.246527778125 0.4140625 0.237847221875 0.4140625 0.21701388906250002 0.412109375 0.21354166718749998 0.412109375 0.19618055625
4 0.21015625 0.5526909703125 0.19453125 0.5596354171875 0.1818359375 0.5891493062500001 0.1837890625 0.6030381953124999 0.208203125 0.61171875 0.2169921875 0.6308159703125 0.21821289687499998 0.63125 0.22216796875 0.63125 0.22578125 0.6151909703125 0.2375 0.608246528125 0.2765625 0.6047743062500001 0.2765625 0.5904769203125 0.2609375 0.5561631953124999 0.21015625 0.5526909703125
6 0.172265625 0.5171875 0.1634765625 0.5223958328125 0.1634765625 0.5328125 0.1517578125 0.5501736109375 0.15 0.5595486109375 0.15 0.5609375 0.1576171875 0.5744791671875 0.1634765625 0.6022569453125 0.1727538984375 0.603125 0.1820569484375 0.603125 0.1830078125 0.5710069453125 0.190625 0.557465278125 0.190625 0.5568142375 0.1751953125 0.5328125 0.172265625 0.5171875
4 0.3095703125 0.4650173609375 0.2646484375 0.4650173609375 0.25 0.48411458281249997 0.2484375 0.49522569375 0.2484375 0.49842013906249993 0.2529296875 0.5032118046875 0.2822265625 0.5032118046875 0.291015625 0.5118923609375 0.3017578125 0.5379340265625 0.3095703125 0.524045140625 0.3154296875 0.524045140625 0.3203125 0.5292534718749999 0.322265625 0.5431423609375 0.323974609375 0.54375 0.327783203125 0.54375 0.3296875 0.540364584375 0.3296875 0.5073090296875 0.3203125 0.4806423609375 0.3095703125 0.4650173609375
4 0.1689453125 0.4270833328125 0.1337890625 0.43055555625 0.125 0.44618055625 0.119140625 0.4739583328125 0.12109375 0.5225694437499999 0.125 0.5225694437499999 0.130859375 0.512152778125 0.138671875 0.4704861109375 0.1455078125 0.4583333328125 0.1845703125 0.4548611109375 0.18359375 0.4357638890625 0.1689453125 0.4270833328125