4 0.22265625 0.792790153125 0.220703125 0.7810668234375 0.224609375 0.7517585 0.2294921875 0.738569753125 0.2978515625 0.738569753125 0.30078125 0.7224501765625 0.296875 0.7019343499999999 0.2763671875 0.69460726875 0.271484375 0.6726260265625 0.2529296875 0.6565064484375001 0.2236328125 0.64771395 0.1904296875 0.64771395 0.1728515625 0.6565064484375001 0.150390625 0.6872801875000001 0.1484375 0.6990035171875 0.142578125 0.7077960140624999 0.140625 0.7224501765625 0.1181640625 0.74443141875 0.107421875 0.7605509968749999 0.103515625 0.80158265 0.109375 0.8133059781249999 0.109375 0.8308909734375 0.1162109375 0.8411488859375 0.123046875 0.8396834703125 0.1298828125 0.8323563890625 0.1689453125 0.8382180546875 0.1767578125 0.8235638921874999 0.1865234375 0.8147713953125001 0.2177734375 0.8147713953125001 0.22265625 0.792790153125
4 0.2109375 0.596424384375 0.2001953125 0.571512309375 0.1650390625 0.5597889796875 0.1435546875 0.5597889796875 0.1201171875 0.571512309375 0.1064453125 0.5832356390625 0.087890625 0.611078546875 0.078125 0.6374560375 0.056640625 0.6726260265625 0.056640625 0.6872801875000001 0.0634765625 0.6916764359375 0.072265625 0.7077960140624999 0.080078125 0.7371043375 0.0869140625 0.7473622515625 0.11328125 0.7488276671875 0.140625 0.71951934375 0.142578125 0.696072684375 0.1572265625 0.671160609375 0.1748046875 0.653575615625 0.212890625 0.6433177015625 0.2109375 0.596424384375
4 0.1447265625 0.5001694390625 0.1359375 0.48698069374999997 0.1046875 0.4693956984375 0.07734375 0.4606032015625 0.02265625 0.46646486718749997 0.01484375 0.4693956984375 0.0099609375 0.4767227796875 0.0021484375 0.523616096875 0.0001953125 0.5499935890625001 0.003125 0.5602515015625 0.044140625 0.5602515015625 0.06953125 0.5778364953125 0.096875 0.62179898125 0.1046875 0.62179898125 0.1076171875 0.6261952296875 0.1056640625 0.6408493921875 0.1125 0.6540381375 0.161328125 0.648176471875 0.16774963437499998 0.6578125 0.17023620625 0.6578125 0.1765625 0.6559138703125 0.1765625 0.56017823125 0.1623046875 0.5441319234375 0.1447265625 0.5001694390625
4 0.3017578125 0.5183021328125 0.2841796875 0.506578803125 0.2626953125 0.503647971875 0.2255859375 0.51244046875 0.2158203125 0.5183021328125 0.208984375 0.528560046875 0.203125 0.546145040625 0.203125 0.5578683703125 0.2177734375 0.5710571156250001 0.224609375 0.5842458609375 0.232421875 0.6428625078125 0.2431640625 0.6501895890625 0.25 0.663378334375 0.2522796625 0.6640625 0.2560281984375 0.6640625 0.2763671875 0.6501895890625 0.306640625 0.6428625078125 0.310546875 0.6047616875 0.3203125 0.57252253125 0.3203125 0.5578683703125 0.310546875 0.5314908796875 0.3017578125 0.5183021328125
4 0.40625 0.70486518125 0.4169921875 0.688745603125 0.4833984375 0.69460726875 0.484375 0.6872801875000001 0.4736328125 0.6828839390625 0.470703125 0.66969519375 0.4794921875 0.653575615625 0.490234375 0.6433177015625 0.4814453125 0.6330597890624999 0.4541015625 0.6242672921875 0.4228515625 0.6242672921875 0.4072265625 0.63012895625 0.3994140625 0.638921453125 0.388671875 0.65504103125 0.375 0.70486518125 0.35546875 0.7312426734375 0.357421875 0.745896834375 0.3544921875 0.738569753125 0.353515625 0.7576201640625 0.349609375 0.7664126609374999 0.353515625 0.80158265 0.3564453125 0.8001172328124999 0.3623046875 0.8089097296875 0.375 0.8074443140625001 0.3779296875 0.7971864015625 0.3916015625 0.7942555687499999 0.39453125 0.7898593203125001 0.400390625 0.7517585 0.400390625 0.7253810078125 0.40625 0.70486518125
4 0 0.8807151234375 0.0048828125 0.885111371875 0.01171875 0.8836459546875 0.015625 0.877784290625 0.017578125 0.8601992968750001 0.0224609375 0.8528722156249999 0.0576171875 0.8264947250000001 0.0654296875 0.8382180546875 0.0732421875 0.8411488859375 0.08203125 0.8250293078125001 0.0859375 0.792790153125 0.083984375 0.7576201640625 0.080078125 0.7400351703125 0.072265625 0.728311840625 0.0703125 0.7136576781249999 0.060546875 0.6931418515625001 0.0517578125 0.685814771875 0.0302734375 0.6799531062499999 0 0.6814185234375 0 0.8807151234375
4 0.4609375 0.511430246875 0.46484375 0.5026377484375 0.46484375 0.4586752640625 0.4609375 0.414712778125 0.4560546875 0.40738569687500004 0.4404296875 0.40152403281250004 0.3935546875 0.3985932 0.3681640625 0.41910902656250004 0.359375 0.43229777187499996 0.3515625 0.4762602578125 0.33984375 0.49384525156250003 0.333984375 0.511430246875 0.330078125 0.5436694015625 0.3369140625 0.5509964828125 0.373046875 0.5524618984375 0.376953125 0.5378077375 0.3818359375 0.5363423218750001 0.3935546875 0.5187573265625 0.4091796875 0.5128956625 0.4580078125 0.5158264953125 0.4609375 0.511430246875
4 0.45556640625 0.5189331765625 0.42041015625 0.5130715125 0.38720703125 0.521864009375 0.37451171875 0.5379835875000001 0.37353515625 0.5482414999999999 0.40478515625 0.5482414999999999 0.41162109375 0.573153575 0.41357421875 0.6171160609374999 0.41650390625 0.621512309375 0.44580078125 0.627373975 0.4506208140625 0.6375 0.45459716875 0.6375 0.45849609375 0.5672919109375 0.46337890625 0.5599648296875 0.4765625 0.55600820625 0.4765625 0.5526941109375 0.46533203125 0.5306565062499999 0.45556640625 0.5189331765625
4 0.5625 0.5171929953125 0.5546875 0.49081550468749996 0.541015625 0.46150718125 0.5244140625 0.44538760312500003 0.4931640625 0.44538760312500003 0.4677734375 0.45418010000000003 0.4609375 0.47029967812500006 0.4873046875 0.48641925625000004 0.4951171875 0.50693508125 0.501953125 0.505469665625 0.5 0.48202300625000005 0.5048828125 0.480557590625 0.5078125 0.4849538390625 0.509765625 0.49667716874999995 0.51953125 0.505469665625 0.515625 0.5171929953125 0.51953125 0.523054659375 0.521484375 0.5465013187500001 0.5257177765625001 0.546875 0.5388134765625 0.546875 0.5556640625 0.52158924375 0.5625 0.5171929953125
4 0.513671875 0.42643610781249996 0.513671875 0.41178194531249995 0.517578125 0.4088511140625 0.517578125 0.40005861718749997 0.5126953125 0.38980070312500004 0.5009765625 0.38100820625 0.4560546875 0.3780773734375 0.44140625 0.39712778437499996 0.4443359375 0.404454865625 0.4521484375 0.404454865625 0.4609375 0.41178194531249995 0.46484375 0.48212192187499997 0.470703125 0.48212192187499997 0.4912109375 0.44841735 0.51171875 0.43815943749999997 0.5107421875 0.43376318906250005 0.5068359375 0.436694021875 0.50390625 0.42643610781249996 0.513671875 0.42643610781249996
4 0.4384765625 0.30480656562499997 0.431640625 0.315064478125 0.42578125 0.34144196875 0.416015625 0.35609613125 0.4189453125 0.3634232125 0.4287109375 0.3663540453125 0.4345703125 0.3751465421875 0.5 0.379542790625 0.51171875 0.34144196875 0.501953125 0.3267878078125 0.498046875 0.3092028140625 0.4833984375 0.2989449 0.4462890625 0.2989449 0.4384765625 0.30480656562499997
4 0.3544921875 0.38980070312500004 0.3134765625 0.38980070312500004 0.3017578125 0.3985932 0.291015625 0.423505275 0.291015625 0.4586752640625 0.2939453125 0.4630715125 0.3017578125 0.4630715125 0.3193359375 0.44841735 0.3291015625 0.44548651875 0.33203125 0.46453692812499997 0.330078125 0.48212192187499997 0.33203125 0.496776084375 0.3359375 0.496776084375 0.349609375 0.4762602578125 0.357421875 0.429366940625 0.373046875 0.41178194531249995 0.373046875 0.4029894484375 0.3681640625 0.39566236875 0.3544921875 0.38980070312500004
4 0.5654296875 0.3282532234375 0.5224609375 0.3282532234375 0.513671875 0.34144196875 0.50390625 0.37075029375 0.50390625 0.379542790625 0.5126953125 0.38686987031250003 0.5205078125 0.40152403281250004 0.525390625 0.40005861718749997 0.5341796875 0.3927315359375 0.5791015625 0.39566236875 0.583984375 0.3854044546875 0.583984375 0.373681125 0.578125 0.34144196875 0.5654296875 0.3282532234375
4 0.65712890625 0.41462118906249995 0.66494140625 0.39996702812499996 0.66494140625 0.39117453125 0.65712890625 0.379451203125 0.64736328125 0.350142878125 0.64052734375 0.3398849640625 0.63076171875 0.3340233 0.60927734375 0.3340233 0.58388671875 0.34281579687499997 0.58193359375 0.35160829531250004 0.59365234375 0.354539128125 0.61220703125 0.3677278734375 0.62197265625 0.4116903578125 0.63564453125 0.4234136859375 0.6411170953124999 0.4453125 0.649755859375 0.4453125 0.65712890625 0.44392951406250003 0.65712890625 0.41462118906249995
4 0.59423828125 0.2831293953125 0.59814453125 0.268475234375 0.59130859375 0.26994065 0.57568359375 0.24063232656250003 0.54248046875 0.23770149375 0.52587890625 0.245028575 0.51806640625 0.268475234375 0.5171875 0.2961716 0.5171875 0.2992489734375 0.52099609375 0.2992489734375 0.53076171875 0.2816639796875 0.56982421875 0.278733146875 0.58251953125 0.29485272500000004 0.59423828125 0.318299384375 0.5951391609375001 0.31875 0.5975737296875 0.31875 0.6 0.31268195468750004 0.6 0.31141192812499996 0.59814453125 0.29192189218750003 0.59423828125 0.2831293953125
4 0.6400390625 0.20862672187500003 0.6029296875 0.20569589062500002 0.594140625 0.2188846359375 0.598046875 0.27750128281249997 0.6068359375 0.29655169375 0.6100677390625 0.296875 0.6344232296875 0.296875 0.6380859375 0.29655169375 0.644921875 0.2892246125 0.646875 0.265777953125 0.6515625 0.25874395625 0.6515625 0.2300217984375 0.646875 0.21595380312499998 0.6400390625 0.20862672187500003
1 0.48671875 0.7250522046875 0.47890625 0.701605546875 0.4681640625 0.6884167999999999 0.4017578125 0.6972092984375 0.396875 0.7074672109375 0.396875 0.7279830375 0.406640625 0.7484988640625 0.4046875 0.7572913609375 0.414453125 0.7924613500000001 0.41640625 0.8247005046875 0.42421875 0.8393546671875001 0.4349609375 0.875990071875 0.441445925 0.8765625 0.4628692609375 0.8765625 0.4701171875 0.875990071875 0.488671875 0.8657321578125 0.4890625 0.849319496875 0.4890625 0.77507174375 0.484765625 0.751429696875 0.48671875 0.7250522046875
1 0.6474609375 0.8821805390625 0.6396484375 0.8821805390625 0.6328125 0.8748534578125 0.6328125 0.86899179375 0.6416015625 0.8558030484374999 0.658203125 0.842614303125 0.65625 0.81916764375 0.6494140625 0.8089097296875 0.5810546875 0.7942555687499999 0.5732421875 0.8001172328124999 0.560546875 0.8220984765624999 0.5546875 0.8484759671875001 0.5546875 0.8748534578125 0.546875 0.927608440625 0.546875 0.9657092609375001 0.548828125 0.9862250875 0.5576171875 0.9964830015624999 0.5625 0.995017584375 0.5751953125 0.9085580312499999 0.5849609375 0.8997655328124999 0.6435546875 0.9056271984375 0.654296875 0.9012309500000001 0.654296875 0.892438453125 0.6474609375 0.8821805390625
1 0.66953125 0.6770726484375 0.6685546875 0.72250055 0.6802734375 0.7459472078125 0.6705078125 0.7635322015625 0.6744140625 0.8045638546875 0.7125 0.8060292718750001 0.726171875 0.8148217687500001 0.7359375 0.838268428125 0.749609375 0.8353375968750001 0.752348265625 0.8421875 0.7546875 0.8421875 0.7546875 0.7620667859375 0.7505859375 0.7312930468750001 0.7505859375 0.6961230578125 0.7427734375 0.6726764000000001 0.738074340625 0.665625 0.708985290625 0.665625 0.67734375 0.6712109828124999 0.66953125 0.6770726484375
1 0.6455078125 0.5568581484374999 0.6142578125 0.553927315625 0.6064453125 0.5597889796875 0.58984375 0.5817702234375 0.58984375 0.5934935515624999 0.6025390625 0.603751465625 0.603515625 0.611078546875 0.5859375 0.6257327078125 0.59375 0.6403868703125 0.58203125 0.6579718640625 0.58203125 0.663833528125 0.59375 0.6872801875000001 0.59375 0.6990035171875 0.5986328125 0.7033997656250001 0.6123046875 0.6740914421875 0.6396484375 0.6506447828125 0.64453125 0.6667643609375 0.646484375 0.696072684375 0.6494140625 0.7004689328125 0.6630859375 0.6975381015625 0.66796875 0.70486518125 0.673828125 0.6872801875000001 0.677734375 0.646248534375 0.673828125 0.6228018750000001 0.671875 0.5700468937500001 0.6650390625 0.5627198124999999 0.6455078125 0.5568581484374999
1 0.701171875 0.6169402109375001 0.703125 0.6315943734375 0.69921875 0.660902696875 0.7041015625 0.6652989453125 0.7509765625 0.6740914421875 0.7578125 0.6872801875000001 0.7578125 0.71951934375 0.771484375 0.71951934375 0.775390625 0.7165885109375 0.77734375 0.611078546875 0.7705078125 0.6008206328125001 0.7607421875 0.5978898 0.7080078125 0.5978898 0.701171875 0.6169402109375001
1 0.8857421875 0.6652989453125 0.8740234375 0.6594372796875 0.869140625 0.6521102 0.8671875 0.6374560375 0.859375 0.61987104375 0.87109375 0.564185228125 0.8369140625 0.5597889796875 0.830078125 0.5671160609375 0.82421875 0.5876318875 0.826171875 0.614009378125 0.8203125 0.6491793671874999 0.822265625 0.678487690625 0.828125 0.6931418515625001 0.830078125 0.710726846875 0.8388671875 0.7121922625 0.8447265625 0.7209847593750001 0.8515625 0.7224501765625 0.8544921875 0.7151230953125001 0.8603515625 0.7121922625 0.8759765625 0.7180539265625 0.8857421875 0.7151230953125001 0.89453125 0.6843493546875 0.8857421875 0.6652989453125
1 0.875 0.8308909734375 0.875 0.795720984375 0.876953125 0.7810668234375 0.884765625 0.763481828125 0.884765625 0.7488276671875 0.8740234375 0.7327080890625 0.8466796875 0.726846425 0.8076171875 0.726846425 0.8046875 0.7341735046875 0.80859375 0.742966003125 0.80078125 0.7576201640625 0.80078125 0.7810668234375 0.794921875 0.7898593203125001 0.787109375 0.877784290625 0.791015625 0.895369284375 0.7998046875 0.902696365625 0.8193359375 0.9056271984375 0.8232421875 0.9114888625 0.837890625 0.9100234468749999 0.8427734375 0.902696365625 0.8583984375 0.8909730359375001 0.8701171875 0.8880422046875 0.880859375 0.877784290625 0.87890625 0.8455451343749999 0.875 0.8308909734375
1 0.8427734375 0.4689331765625 0.8115234375 0.4689331765625 0.798828125 0.4850527546875 0.7890625 0.5378077375 0.791015625 0.5847010546875 0.8076171875 0.59495896875 0.8203125 0.5934935515624999 0.8349609375 0.5597889796875 0.86328125 0.5583235640625 0.869140625 0.49970691718750004 0.869140625 0.48212192187499997 0.8642578125 0.4747948421875 0.8427734375 0.4689331765625
1 0.648046875 0.64584188125 0.65 0.5784327375 0.6529296875 0.5681748234375 0.6587890625 0.562313159375 0.6783203125 0.5564514953125 0.6998046875 0.5564514953125 0.7046875 0.5520552453125 0.70078125 0.5315394203125 0.6861328125 0.5095581765625 0.6744140625 0.50662734375 0.6451171875 0.5124890093750001 0.6294921875 0.5183506734375001 0.624609375 0.5256777546875 0.62265625 0.5813635703125 0.61875 0.5930868984375001 0.624609375 0.6165335578125 0.6265625 0.64584188125 0.6319736328125 0.659375 0.6330029296874999 0.659375 0.6392578125 0.647307296875 0.648046875 0.64584188125
1 0.6591796875 0.41386741718750003 0.6083984375 0.4226599140625 0.60625 0.42803310625 0.60625 0.45683341874999994 0.615234375 0.4622261515625 0.615234375 0.48274197656249995 0.609375 0.48860364218749996 0.61328125 0.49446530624999996 0.61328125 0.503257803125 0.6162109375 0.5076540515625 0.6396484375 0.5076540515625 0.6432952875 0.5109375 0.650458040625 0.5109375 0.65234375 0.4798111453125 0.658203125 0.47101864843749996 0.6611328125 0.4548990703125 0.6650390625 0.45196823750000004 0.669921875 0.45929531875 0.669921875 0.468087815625 0.675 0.47062787031250003 0.675 0.46515698437499997 0.669921875 0.4270561625 0.6591796875 0.41386741718750003
1 0.7119140625 0.5625238140625 0.71484375 0.558127565625 0.712890625 0.5434734031249999 0.705078125 0.5376117390624999 0.701171875 0.49951091875 0.70703125 0.476064259375 0.72265625 0.46141009843749997 0.7216796875 0.4570138484375 0.71484375 0.4555484328125 0.7177734375 0.4452905203125 0.7431640625 0.44235968750000004 0.7548828125 0.44822135156250004 0.763671875 0.46141009843749997 0.763671875 0.46727176249999997 0.7578125 0.47313342656249996 0.7578125 0.4819259234375 0.765625 0.49364925312499996 0.7685546875 0.518561328125 0.7841796875 0.515630496875 0.7890625 0.5053725828125 0.779296875 0.44675593593749996 0.7431640625 0.4306363578125 0.7158203125 0.433567190625 0.6904296875 0.44235968750000004 0.68359375 0.458479265625 0.6796875 0.49071842187500003 0.6796875 0.525888409375 0.689453125 0.5639892296875 0.6900878859375 0.5640625 0.7030761734375 0.5640625 0.7060546875 0.55959298125 0.7119140625 0.5625238140625
1 0.9435546875 0.32057810625 0.930859375 0.307389359375 0.923046875 0.3103201921875 0.9025390625 0.3381631015625 0.8986328125 0.3762639203125 0.8927734375 0.38798725 0.8927734375 0.3997105796875 0.9064453125 0.40850307812500003 0.9163232375 0.409375 0.92320973125 0.409375 0.9298828125 0.3850564171875 0.9474609375 0.3704022578125 0.9484375 0.36014434375 0.9484375 0.34744406875 0.9435546875 0.33523226875 0.9435546875 0.32057810625
1 0.565234375 0.392998059375 0.522265625 0.3988597234375 0.515625 0.411671646875 0.515625 0.417910134375 0.5173828125 0.47066511718750004 0.5327020140625 0.471875 0.5362213140625001 0.471875 0.5408203125 0.467734284375 0.54375 0.4574763703125 0.5515625 0.45161470625 0.584765625 0.4457530421875 0.5875 0.4416498765625 0.5875 0.423039090625 0.5837890625 0.40911763749999996 0.565234375 0.392998059375
1 0.39453125 0.5759085578125 0.3896484375 0.5627198124999999 0.3310546875 0.5509964828125 0.30078125 0.5759085578125 0.29296875 0.6345252046875001 0.294921875 0.6843493546875 0.296875 0.6990035171875 0.30859375 0.7165885109375 0.310546875 0.728311840625 0.31640625 0.7312426734375 0.3330078125 0.7092614296875001 0.3642578125 0.7121922625 0.375 0.696072684375 0.38671875 0.65504103125 0.39453125 0.6403868703125 0.39453125 0.5759085578125
1 0.31640625 0.7722743265625 0.30859375 0.7488276671875 0.2978515625 0.738569753125 0.2333984375 0.738569753125 0.224609375 0.75468933125 0.22265625 0.8133059781249999 0.2255859375 0.817702228125 0.2607421875 0.8264947250000001 0.267578125 0.8338218046874999 0.271484375 0.8484759671875001 0.271484375 0.9100234468749999 0.2734375 0.9217467765625 0.279296875 0.9246776078125001 0.2841796875 0.917350528125 0.2900390625 0.9202813593749999 0.2998046875 0.9085580312499999 0.3046875 0.8865767874999999 0.31640625 0.8719226265625 0.31640625 0.7722743265625
1 0.26953125 0.9129542796875001 0.267578125 0.892438453125 0.271484375 0.8748534578125 0.26953125 0.842614303125 0.2646484375 0.82942555625 0.2373046875 0.820633059375 0.1904296875 0.817702228125 0.173828125 0.8308909734375 0.16015625 0.8660609609375 0.158203125 0.9129542796875001 0.15234375 0.9510550999999999 0.15625 0.995017584375 0.1591796875 0.9994138328125001 0.1796875 0.9979484171875 0.189453125 0.9920867531249999 0.1953125 0.959847596875 0.2021484375 0.9495896828125 0.2607421875 0.9437280187500001 0.265625 0.9364009375 0.26953125 0.9129542796875001
1 0.08515625 0.32821017656249996 0.048046875 0.32527934531249997 0.0314453125 0.3355372578125 0.0333984375 0.4029464015625 0.0431640625 0.45277055156249996 0.045762334375000005 0.453125 0.05464660624999999 0.453125 0.0607421875 0.4439780546875 0.0607421875 0.405877234375 0.065625 0.39855015312500003 0.0984375 0.38870255781249996 0.0984375 0.3739311625 0.0958984375 0.3472605875 0.08515625 0.32821017656249996
1 0.1259765625 0.3429073859375 0.1103515625 0.35463071562500004 0.103515625 0.3678194609375 0.09375 0.43229777187499996 0.09375 0.4528135984375 0.0966796875 0.457209846875 0.1328125 0.45574443125 0.1572265625 0.44548651875 0.16796875 0.429366940625 0.173828125 0.382473621875 0.171875 0.3590269640625 0.1669921875 0.35169988281250003 0.1259765625 0.3429073859375
1 0.278125 0.331051253125 0.2810546875 0.326655003125 0.2810546875 0.2651075234375 0.2791015625 0.2504533640625 0.272265625 0.24019545 0.241015625 0.2372646171875 0.22734375 0.24019545 0.2205078125 0.24752253125 0.2263671875 0.2768308546875 0.2263671875 0.31786250781250003 0.23172009375 0.33125 0.23700988281250002 0.33125 0.248828125 0.3281204203125 0.278125 0.331051253125
1 0.3095703125 0.24325908593749998 0.296875 0.25644783125 0.2890625 0.3267878078125 0.2958984375 0.3370457203125 0.30078125 0.3355803046875 0.3251953125 0.29601406875 0.3447265625 0.2930832359375 0.34765625 0.2886869875 0.34765625 0.25644783125 0.3447265625 0.24912074999999997 0.3095703125 0.24325908593749998
4 0.166796875 0.40498516249999994 0.1716796875 0.39765808125 0.1677734375 0.3712805921875 0.178515625 0.35223018125 0.2166015625 0.34197226718749996 0.2087890625 0.3155947765625 0.201953125 0.3053368640625 0.18828125 0.2965443671875 0.158984375 0.2965443671875 0.1345703125 0.31266394375 0.1287109375 0.33611060312499996 0.1365234375 0.3478339328125 0.1443359375 0.3712805921875 0.1521484375 0.418173909375 0.154067990625 0.41875 0.1571497796875 0.41875 0.158984375 0.40498516249999994 0.166796875 0.40498516249999994
4 0.274609375 0.33362580625 0.227734375 0.33362580625 0.2140625 0.342418303125 0.2013671875 0.367330378125 0.239453125 0.3951732859375 0.253125 0.3951732859375 0.25703125 0.40396578281249995 0.266796875 0.40982744687499995 0.2793725671875 0.4109375 0.2842272921875 0.4109375 0.2953125 0.40618484062500004 0.2953125 0.3776615609375 0.2892578125 0.35267621562499996 0.274609375 0.33362580625
4 0.3408203125 0.32532239218750003 0.3447265625 0.32532239218750003 0.3525390625 0.3429073859375 0.3662109375 0.3282532234375 0.3818359375 0.3194607265625 0.384765625 0.3121336453125 0.3740234375 0.2989449 0.3330078125 0.2930832359375 0.3193359375 0.30480656562499997 0.302734375 0.3385111375 0.298828125 0.3619577953125 0.3017578125 0.3663540453125 0.30859375 0.364888628125 0.3134765625 0.357561546875 0.3212890625 0.36049237968750003 0.3291015625 0.35463071562500004 0.33203125 0.3443728015625 0.337890625 0.3385111375 0.3408203125 0.32532239218750003
4 0.4310546875 0.2487406578125 0.4232421875 0.24287899375 0.4056640625 0.24287899375 0.3861328125 0.2487406578125 0.379296875 0.2560677390625 0.375390625 0.26779106874999997 0.3783203125 0.27804898125 0.3919921875 0.283910646875 0.4154296875 0.3044264734375 0.428125 0.30882272187500004 0.429965209375 0.309375 0.434157240625 0.309375 0.4484375 0.2980303625 0.4484375 0.2883068953125 0.44765625 0.2824452296875 0.4310546875 0.2487406578125
4 0.608203125 0.0702841078125 0.5662109375 0.08054202031249999 0.5609375 0.11219501093749999 0.5609375 0.1163400453125 0.5671875 0.123039090625 0.573046875 0.123039090625 0.5896484375 0.1420895 0.590889284375 0.1421875 0.6091143796875 0.1421875 0.6125 0.1371070859375 0.6125 0.11776359218750002 0.6111328125 0.07468035625 0.608203125 0.0702841078125
3 0.77890625 0.2096854859375 0.77109375 0.17744632968750002 0.7427734375 0.15546508750000002 0.7076171875 0.140810925 0.6900390625 0.140810925 0.6529296875 0.15253425468749998 0.6484375 0.15927516875 0.6484375 0.160271653125 0.667578125 0.1803771625 0.66953125 0.21261631718750001 0.6978515625 0.2258050640625 0.710546875 0.2448554734375 0.714453125 0.26830213281250004 0.7201435843749999 0.2796875 0.7206664171875 0.2796875 0.7310546875 0.2697675484375 0.7818359375 0.2697675484375 0.784375 0.2659574671875 0.784375 0.26302663437499996 0.77890625 0.23020131250000003 0.77890625 0.2096854859375
3 0.89453125 0.27403282500000004 0.8740234375 0.2461899171875 0.8662109375 0.2461899171875 0.8603515625 0.254982415625 0.8466796875 0.254982415625 0.84375 0.2505861671875 0.84375 0.2388628375 0.849609375 0.22713950781249997 0.849609375 0.2183470109375 0.841796875 0.2095545140625 0.8388671875 0.1963657671875 0.7919921875 0.205158265625 0.7431640625 0.222743259375 0.7314453125 0.23153575625 0.72265625 0.2447245015625 0.708984375 0.315064478125 0.7099609375 0.3341148890625 0.7529296875 0.3370457203125 0.7763671875 0.357561546875 0.7958984375 0.34583821875 0.8154296875 0.34583821875 0.8232421875 0.3341148890625 0.8408203125 0.3282532234375 0.845703125 0.3443728015625 0.84375 0.3590269640625 0.85546875 0.3941969515625 0.8603515625 0.3927315359375 0.8671875 0.37075029375 0.8857421875 0.35463071562500004 0.890625 0.34144196875 0.89453125 0.3121336453125 0.89453125 0.27403282500000004
3 0.4037109375 0.11427864843749999 0.3646484375 0.09962448593749999 0.3294921875 0.10548614999999999 0.3138671875 0.11427864843749999 0.308984375 0.12453656093750001 0.308984375 0.15091405156249998 0.3109375 0.20366903593750002 0.31484375 0.221254028125 0.3177734375 0.2197886140625 0.3255859375 0.23151194218749999 0.3412109375 0.23151194218749999 0.3548828125 0.243235271875 0.3705078125 0.2490969359375 0.3830310703125 0.2765625 0.3977404765625 0.2765625 0.4017578125 0.2725435953125 0.4115234375 0.2725435953125 0.414453125 0.2681473484375 0.414453125 0.253493184375 0.4251953125 0.243235271875 0.4330078125 0.2285811109375 0.4388671875 0.2285811109375 0.4447265625 0.23737360624999998 0.4515625 0.2339543015625 0.4515625 0.2102634078125 0.445703125 0.1421215546875 0.4037109375 0.11427864843749999
3 0.54140625 0.045720984375 0.5248046875 0.04425556875 0.5052734375 0.053048065624999995 0.4984375 0.0662368109375 0.4984375 0.1512309484375 0.5072265625 0.1761430234375 0.5111328125 0.1761430234375 0.5189453125 0.187866353125 0.5208984375 0.184935521875 0.5287109375 0.1907971859375 0.5427534609375 0.20625 0.544692384375 0.20625 0.54921875 0.20398593125 0.5541015625 0.182004690625 0.559375 0.18087422656250002 0.559375 0.1207502921875 0.54921875 0.1131301296875 0.54140625 0.045720984375
1 0.9943359375 0.262326896875 0.9875 0.24913815156250002 0.9513671875 0.2535344 0.9533203125 0.3385285390625 0.989453125 0.33999395468750004 0.9943359375 0.33559770625 0.9943359375 0.32094354531249997 0.9984375 0.3127372140625 0.9984375 0.29060942968750003 0.9962890625 0.28577355625 0.9943359375 0.262326896875
1 0.7626953125 0.378771615625 0.7412109375 0.36704828749999996 0.7099609375 0.36997911875 0.697265625 0.3773062 0.6982421875 0.3817024484375 0.7158203125 0.38463328125 0.73046875 0.406614521875 0.73046875 0.418337853125 0.724609375 0.42713035 0.7275390625 0.4315265984375 0.7470703125 0.4315265984375 0.7574201656249999 0.4375 0.771484375 0.4375 0.771484375 0.41540702031250004 0.7626953125 0.378771615625
1 0.828515625 0.348871628125 0.80703125 0.348871628125 0.7796875 0.3576641265625 0.775 0.373138921875 0.775 0.4124120734375 0.7796875 0.425073271875 0.7845703125 0.4265386859375 0.797265625 0.425073271875 0.8021484375 0.41774619062499996 0.7962890625 0.40895369375 0.7962890625 0.403092028125 0.8001953125 0.403092028125 0.8109375 0.3723182875 0.8177734375 0.3737837046875 0.8177734375 0.388437865625 0.8236328125 0.4148153578125 0.828515625 0.4162807734375 0.8333984375 0.4001611953125 0.846875 0.382827415625 0.846875 0.38052461875 0.8451171875 0.36206037343749997 0.828515625 0.348871628125
7 0.3205078125 0.4914950921875 0.3087890625 0.4446017734375 0.2912109375 0.424085946875 0.2931640625 0.42115511562499997 0.28828125 0.413828034375 0.21796875 0.431413028125 0.2169921875 0.46218676875 0.2140625 0.4665830171875 0.20234375 0.463652184375 0.1828125 0.44899802187500004 0.1779296875 0.4504634390625 0.1779296875 0.5032184203125001 0.1828125 0.5134763343750001 0.196484375 0.5193379984375001 0.219921875 0.5076146687499999 0.262890625 0.5046838375 0.284375 0.5164071671875 0.2951171875 0.5325267453125 0.3029296875 0.5530425703125 0.3107421875 0.5589042359375 0.3135656703125 0.559375 0.319990140625 0.559375 0.3265625 0.5451293234375 0.3265625 0.5161140843750001 0.3224609375 0.5120109187499999 0.3205078125 0.4914950921875