3 1 0.2239133671875 0.9970703125 0.2187060796875 0.9912109375 0.2152345546875 0.9873046875 0.20829150468750002 0.9833984375 0.20829150468750002 0.9814453125 0.20481997812500002 0.9794921875 0.20481997812500002 0.9755859375 0.197876928125 0.9697265625 0.19440540312500001 0.9599609375 0.180519303125 0.9560546875 0.180519303125 0.9541015625 0.177047778125 0.9521484375 0.177047778125 0.9482421875 0.170104728125 0.9462890625 0.170104728125 0.9443359375 0.16663320312500002 0.9384765625 0.163161678125 0.9345703125 0.156218628125 0.9287109375 0.152747103125 0.9248046875 0.145804053125 0.9228515625 0.145804053125 0.9208984375 0.142332528125 0.9189453125 0.142332528125 0.9169921875 0.138861003125 0.9150390625 0.138861003125 0.9130859375 0.135389478125 0.9111328125 0.135389478125 0.9091796875 0.13191795312500001 0.9033203125 0.128446428125 0.8994140625 0.12150337656250002 0.8955078125 0.12150337656250002 0.8935546875 0.1180318515625 0.8916015625 0.1180318515625 0.8876953125 0.1110888015625 0.8720703125 0.1110888015625 0.8701171875 0.1076172765625 0.8564453125 0.1076172765625 0.8544921875 0.1110888015625 0.8271484375 0.1110888015625 0.8251953125 0.1145603265625 0.8212890625 0.1145603265625 0.8193359375 0.1180318515625 0.8173828125 0.1180318515625 0.81640625 0.12323914062500001 0.8125 0.130182190625 0.8125 0.133653715625 0.80859375 0.14406829062499998 0.80859375 0.151011340625 0.8046875 0.161425915625 0.8046875 0.168368965625 0.802734375 0.171840490625 0.802734375 0.178783540625 0.80078125 0.182255065625 0.80078125 0.192669640625 0.798828125 0.19614116718750002 0.798828125 0.2204418421875 0.796875 0.2239133671875 0.796875 0.27251471718750003 0.794921875 0.2759862421875 0.794921875 0.28292929375 0.796875 0.28640081875 0.796875 0.29334386874999996 0.798828125 0.29681539375 0.798828125 0.30028691875 0.8017578125 0.30202268125 0.8076171875 0.31243725625 0.8115234375 0.31243725625 0.8173828125 0.30549420625 0.8251953125 0.30549420625 0.828125 0.31070149375 0.828125 0.33153064374999996 0.830078125 0.33500216875 0.830078125 0.34541674375000003 0.83203125 0.34888826875 0.83203125 0.35583131875 0.837890625 0.36624589531249996 0.837890625 0.3697174203125 0.8486328125 0.3888108078125 0.8505859375 0.3888108078125 0.853515625 0.3940180953125 0.853515625 0.3974896203125 0.8642578125 0.4165830078125 0.8662109375 0.4165830078125 0.8671875 0.4217902953125 0.8720703125 0.430469109375 0.8740234375 0.430469109375 0.8876953125 0.454769784375 0.8896484375 0.454769784375 0.8916015625 0.45824130937499996 0.8955078125 0.45824130937499996 0.8974609375 0.461712834375 0.8994140625 0.461712834375 0.9052734375 0.46865588437500005 0.9287109375 0.46865588437500005 0.9306640625 0.472127409375 0.9365234375 0.472127409375 0.9375 0.473863171875 0.9375 0.480806221875 0.9404296875 0.48601350937500004 0.9423828125 0.48601350937500004 0.9443359375 0.489485034375 0.9580078125 0.489485034375 0.9599609375 0.49295655937499994 0.9775390625 0.49295655937499994 0.978515625 0.491220796875 0.9814453125 0.489485034375 0.9833984375 0.48601350937500004 0.9990234375 0.48601350937500004 1 0.48427774687499997 1 0.2239133671875
3 0.798828125 0.30028691875 0.798828125 0.28987234375000004 0.794921875 0.27945776875 0.794921875 0.2690431921875 0.796875 0.2655716671875 0.796875 0.2273848921875 0.798828125 0.2239133671875 0.798828125 0.19614116718750002 0.80078125 0.192669640625 0.80078125 0.182255065625 0.802734375 0.178783540625 0.802734375 0.175312015625 0.8046875 0.171840490625 0.8046875 0.164897440625 0.806640625 0.161425915625 0.806640625 0.151011340625 0.80859375 0.14753981562500001 0.80859375 0.140596765625 0.8125 0.133653715625 0.8125 0.130182190625 0.8212890625 0.1145603265625 0.8291015625 0.1145603265625 0.8310546875 0.1110888015625 0.8369140625 0.1145603265625 0.8388671875 0.1110888015625 0.8408203125 0.1110888015625 0.841796875 0.10588151406249999 0.8369140625 0.09720270156250001 0.8310546875 0.09373117656249999 0.8212890625 0.07984507656249999 0.8173828125 0.07984507656249999 0.8154296875 0.0763735515625 0.8134765625 0.0763735515625 0.8115234375 0.0729020265625 0.8095703125 0.0729020265625 0.8076171875 0.0694305015625 0.8017578125 0.06595897656250001 0.7978515625 0.0590159265625 0.7939453125 0.0590159265625 0.7919921875 0.0555444015625 0.7822265625 0.0555444015625 0.7802734375 0.0520728765625 0.7607421875 0.0520728765625 0.7587890625 0.0555444015625 0.7431640625 0.0555444015625 0.7412109375 0.0590159265625 0.7392578125 0.0590159265625 0.736328125 0.0642232140625 0.736328125 0.0676947390625 0.734375 0.0711662640625 0.734375 0.0746377890625 0.732421875 0.0781093140625 0.732421875 0.0815808390625 0.728515625 0.0919954140625 0.728515625 0.10588151406249999 0.724609375 0.11629609062499999 0.724609375 0.189198115625 0.72265625 0.192669640625 0.72265625 0.2100272671875 0.7265625 0.2204418421875 0.7265625 0.2273848921875 0.732421875 0.23779946718749997 0.732421875 0.2447425171875 0.7353515625 0.2499498046875 0.7431640625 0.2499498046875 0.7451171875 0.24647827968749997 0.7490234375 0.24647827968749997 0.7509765625 0.2499498046875 0.7529296875 0.2499498046875 0.771484375 0.28292929375 0.771484375 0.28987234375000004 0.7734375 0.29334386874999996 0.7734375 0.30028691875 0.7763671875 0.30549420625 0.7783203125 0.30549420625 0.7802734375 0.30896573125 0.7880859375 0.30896573125 0.7890625 0.30722996875 0.7900390625 0.30549420625 0.7939453125 0.30549420625 0.7958984375 0.30202268125 0.798828125 0.30028691875
6 0.6826171875 0.9199541437500001 0.685546875 0.9147468546875 0.685546875 0.9112753296875 0.68359375 0.9078038046874999 0.68359375 0.9043322796875 0.685546875 0.9008607546875 0.685546875 0.8939177046875001 0.68359375 0.8904461796875 0.68359375 0.8869746546874999 0.685546875 0.8835031296875 0.685546875 0.8800316046875001 0.689453125 0.8696170296875 0.689453125 0.8626739796875 0.6875 0.8592024546875001 0.685546875 0.8487878796875 0.6826171875 0.8435805921874999 0.6806640625 0.8435805921874999 0.6787109375 0.8401090671875 0.67578125 0.8383733046874999 0.6767578125 0.8366375421875001 0.6806640625 0.8366375421875001 0.6826171875 0.8331660171875 0.6865234375 0.8331660171875 0.6884765625 0.8366375421875001 0.693359375 0.827958728125 0.693359375 0.8244872031250001 0.6953125 0.821015678125 0.6953125 0.817544153125 0.69921875 0.8071295781250001 0.69921875 0.796715003125 0.6953125 0.789771953125 0.6953125 0.782828903125 0.689453125 0.772414328125 0.6884765625 0.767207040625 0.6845703125 0.767207040625 0.6826171875 0.763735515625 0.6787109375 0.763735515625 0.67578125 0.758528228125 0.67578125 0.755056703125 0.671875 0.7481136515625 0.671875 0.7446421265625001 0.669921875 0.7411706015624999 0.669921875 0.7203414515625 0.6669921875 0.7186056890625 0.6650390625 0.7151341640625 0.6591796875 0.7151341640625 0.654296875 0.7238129765625 0.654296875 0.7376990765625 0.65625 0.7411706015624999 0.65625 0.7481136515625 0.658203125 0.751585178125 0.65625 0.755056703125 0.65625 0.7689428031250001 0.654296875 0.772414328125 0.654296875 0.779357378125 0.65234375 0.782828903125 0.65234375 0.789771953125 0.6474609375 0.798450765625 0.6416015625 0.8019222906250001 0.640625 0.800186528125 0.640625 0.7481136515625 0.642578125 0.7446421265625001 0.642578125 0.7411706015624999 0.640625 0.7376990765625 0.640625 0.7307560265624999 0.6328125 0.7168699265625 0.6328125 0.6960407765625 0.630859375 0.6925692515625 0.630859375 0.6890977265625 0.6279296875 0.6873619640624999 0.6240234375 0.6804189125 0.6201171875 0.6804189125 0.6181640625 0.6838904390625 0.6162109375 0.6838904390625 0.61328125 0.6890977265625 0.61328125 0.7064553515625 0.615234375 0.7099268765625 0.615234375 0.7168699265625 0.619140625 0.7272845015625 0.6171875 0.7307560265624999 0.615234375 0.7411706015624999 0.6123046875 0.742906365625 0.6103515625 0.746377890625 0.6005859375 0.746377890625 0.5986328125 0.749849415625 0.5966796875 0.746377890625 0.5869140625 0.746377890625 0.5849609375 0.749849415625 0.5810546875 0.749849415625 0.5791015625 0.753320940625 0.5771484375 0.753320940625 0.568359375 0.7689428031250001 0.564453125 0.789771953125 0.5615234375 0.794979240625 0.5595703125 0.794979240625 0.5546875 0.8036580531249999 0.5546875 0.8071295781250001 0.552734375 0.810601103125 0.552734375 0.821015678125 0.5498046875 0.8262229671875 0.5458984375 0.8262229671875 0.5439453125 0.8296944921874999 0.5400390625 0.8296944921874999 0.5361328125 0.8366375421875001 0.533203125 0.8383733046874999 0.533203125 0.8453163546875 0.53125 0.8487878796875 0.53125 0.8592024546875001 0.529296875 0.8626739796875 0.529296875 0.8800316046875001 0.53125 0.8835031296875 0.53125 0.8869746546874999 0.5400390625 0.9025965171875001 0.5439453125 0.9025965171875001 0.5458984375 0.90606804375 0.5537109375 0.90606804375 0.5556640625 0.9025965171875001 0.5576171875 0.9025965171875001 0.5634765625 0.8921819421875 0.5693359375 0.8921819421875 0.5712890625 0.8956534671874999 0.5771484375 0.8956534671874999 0.5830078125 0.8852388921875001 0.5849609375 0.8852388921875001 0.587890625 0.8904461796875 0.587890625 0.8939177046875001 0.583984375 0.9043322796875 0.583984375 0.9112753296875 0.58203125 0.9147468546875 0.58203125 0.91821838125 0.5771484375 0.92689719375 0.5693359375 0.92689719375 0.56640625 0.93210448125 0.5673828125 0.9373117687500001 0.5693359375 0.9373117687500001 0.5751953125 0.94425481875 0.5869140625 0.94425481875 0.587890625 0.9425190562499999 0.587890625 0.93210448125 0.591796875 0.9251614312499999 0.59375 0.9147468546875 0.5966796875 0.90953956875 0.6005859375 0.90953956875 0.6025390625 0.91301109375 0.6083984375 0.91301109375 0.6103515625 0.9164826187499999 0.6181640625 0.9164826187499999 0.6201171875 0.9199541437500001 0.6240234375 0.9199541437500001 0.6259765625 0.92342566875 0.6298828125 0.92342566875 0.6318359375 0.92689719375 0.6376953125 0.92689719375 0.6396484375 0.9303687187499999 0.6416015625 0.9303687187499999 0.6435546875 0.93384024375 0.6474609375 0.93384024375 0.6513671875 0.94078329375 0.6552734375 0.94078329375 0.6572265625 0.94425481875 0.6650390625 0.94425481875 0.666015625 0.9425190562499999 0.6689453125 0.94078329375 0.673828125 0.93210448125 0.6767578125 0.9164826187499999 0.6826171875 0.9199541437500001
6 0.7607421875 0.91301109375 0.763671875 0.9078038046874999 0.763671875 0.8973892296875 0.76171875 0.8939177046875001 0.76171875 0.8869746546874999 0.7626953125 0.8852388921875001 0.7666015625 0.8852388921875001 0.7685546875 0.8887104171875 0.7724609375 0.8887104171875 0.7744140625 0.8921819421875 0.7763671875 0.8921819421875 0.7822265625 0.9025965171875001 0.7841796875 0.9025965171875001 0.7861328125 0.90606804375 0.7900390625 0.90606804375 0.7919921875 0.90953956875 0.7958984375 0.90953956875 0.7978515625 0.90606804375 0.8037109375 0.9025965171875001 0.810546875 0.8904461796875 0.8115234375 0.8852388921875001 0.8154296875 0.8852388921875001 0.818359375 0.8800316046875001 0.818359375 0.8765600796875 0.81640625 0.8730885546874999 0.81640625 0.8661455046875 0.814453125 0.8626739796875 0.814453125 0.8557309296875 0.826171875 0.8383733046874999 0.826171875 0.8349017796875 0.822265625 0.827958728125 0.822265625 0.8244872031250001 0.8203125 0.821015678125 0.8203125 0.814072628125 0.822265625 0.810601103125 0.822265625 0.8036580531249999 0.826171875 0.796715003125 0.828125 0.786300428125 0.83203125 0.779357378125 0.83203125 0.758528228125 0.833984375 0.755056703125 0.83203125 0.751585178125 0.83203125 0.7446421265625001 0.8291015625 0.742906365625 0.8251953125 0.7359633140625 0.822265625 0.7342275515625001 0.822265625 0.7307560265624999 0.81640625 0.7203414515625 0.81640625 0.7168699265625 0.8125 0.7099268765625 0.810546875 0.6995123015625 0.8076171875 0.6943050140625 0.8037109375 0.6943050140625 0.8017578125 0.6908334890625001 0.7998046875 0.6908334890625001 0.7958984375 0.6977765390624999 0.79296875 0.6995123015625 0.79296875 0.7203414515625 0.796875 0.7272845015625 0.796875 0.7342275515625001 0.7958984375 0.7359633140625 0.7939453125 0.7359633140625 0.7900390625 0.7290202640625 0.7861328125 0.7290202640625 0.7841796875 0.7255487390625001 0.7822265625 0.7290202640625 0.7783203125 0.7290202640625 0.77734375 0.7272845015625 0.77734375 0.7203414515625 0.775390625 0.7168699265625 0.7734375 0.7064553515625 0.767578125 0.6960407765625 0.76953125 0.6925692515625 0.76953125 0.6821546765625001 0.767578125 0.6786831515625 0.767578125 0.6752116265625 0.7626953125 0.6665328125000001 0.7509765625 0.6665328125000001 0.7490234375 0.6700043375 0.7470703125 0.6700043375 0.744140625 0.6752116265625 0.744140625 0.6821546765625001 0.7421875 0.6856262015625 0.7421875 0.6890977265625 0.7392578125 0.6908334890625001 0.736328125 0.6960407765625 0.736328125 0.7029838265625 0.7373046875 0.7047195890625 0.7392578125 0.7012480640625001 0.7412109375 0.7012480640625001 0.75 0.7168699265625 0.7470703125 0.7220772140625 0.7412109375 0.7151341640625 0.7373046875 0.7151341640625 0.7333984375 0.7081911140625 0.7314453125 0.7116626390625 0.7255859375 0.7116626390625 0.7236328125 0.7151341640625 0.7197265625 0.7151341640625 0.712890625 0.7272845015625 0.712890625 0.7342275515625001 0.693359375 0.7689428031250001 0.693359375 0.7758858531249999 0.6953125 0.779357378125 0.6953125 0.786300428125 0.69921875 0.793243478125 0.69921875 0.817544153125 0.697265625 0.821015678125 0.6953125 0.831430253125 0.6875 0.8418448296875001 0.6875 0.8453163546875 0.689453125 0.8487878796875 0.689453125 0.8557309296875 0.6923828125 0.8609382171875 0.6943359375 0.8574666921875 0.6962890625 0.8574666921875 0.7021484375 0.8470521171875 0.7041015625 0.8505236421875001 0.7060546875 0.8505236421875001 0.7099609375 0.8574666921875 0.7138671875 0.8574666921875 0.7158203125 0.8609382171875 0.7197265625 0.8609382171875 0.7216796875 0.8644097421874999 0.7275390625 0.8644097421874999 0.7294921875 0.8678812671875 0.7353515625 0.8678812671875 0.7451171875 0.8852388921875001 0.7470703125 0.8852388921875001 0.75 0.8904461796875 0.748046875 0.9008607546875 0.7451171875 0.9025965171875001 0.740234375 0.9112753296875 0.740234375 0.9147468546875 0.7431640625 0.9164826187499999 0.7451171875 0.9199541437500001 0.7490234375 0.9199541437500001 0.75 0.91821838125 0.7509765625 0.9164826187499999 0.7568359375 0.9164826187499999 0.7587890625 0.91301109375 0.7607421875 0.91301109375
6 0.98046875 0.6300817999999999 0.97265625 0.6161957 0.97265625 0.605781125 0.96875 0.5953665499999999 0.96875 0.5884235 0.966796875 0.584951975 0.966796875 0.5780089234375 0.96484375 0.5745373984375 0.962890625 0.5641228234375 0.958984375 0.5571797734375 0.958984375 0.5467651984375 0.95703125 0.5432936734375 0.95703125 0.5398221484375 0.951171875 0.5294075734375 0.9501953125 0.5242002859375 0.9443359375 0.5346148609375 0.9384765625 0.5380863859375 0.9375 0.5398221484375 0.9375 0.5502367234375 0.9365234375 0.5519724859374999 0.935546875 0.5502367234375 0.935546875 0.5363506234375001 0.93359375 0.5328790984375 0.93359375 0.5259360484375 0.9296875 0.5155214734375 0.9296875 0.501635371875 0.93359375 0.494692321875 0.93359375 0.491220796875 0.935546875 0.487749271875 0.935546875 0.477334696875 0.9326171875 0.472127409375 0.9208984375 0.472127409375 0.91796875 0.477334696875 0.91796875 0.487749271875 0.912109375 0.498163846875 0.912109375 0.501635371875 0.91015625 0.5051068984375 0.91015625 0.5085784234374999 0.90625 0.5189929984375 0.90625 0.5398221484375 0.9052734375 0.5415579109374999 0.8994140625 0.5415579109374999 0.8974609375 0.5380863859375 0.8935546875 0.5380863859375 0.8896484375 0.5311433359375 0.8876953125 0.5311433359375 0.8857421875 0.5276718109375 0.8818359375 0.5276718109375 0.8798828125 0.5311433359375 0.876953125 0.5328790984375 0.876953125 0.5363506234375001 0.87890625 0.5398221484375 0.876953125 0.5432936734375 0.876953125 0.5502367234375 0.873046875 0.5571797734375 0.873046875 0.5606512984375 0.87109375 0.5641228234375 0.87109375 0.5814804484375 0.873046875 0.584951975 0.873046875 0.591895025 0.875 0.5953665499999999 0.875 0.605781125 0.876953125 0.60925265 0.876953125 0.6161957 0.8837890625 0.6283460375 0.8857421875 0.6283460375 0.8876953125 0.6318175625 0.8955078125 0.6318175625 0.8974609375 0.6283460375 0.9072265625 0.6283460375 0.91015625 0.6335533250000001 0.91015625 0.6439679 0.908203125 0.647439425 0.908203125 0.654382475 0.9130859375 0.6630612874999999 0.9169921875 0.6630612874999999 0.9189453125 0.6665328125000001 0.9208984375 0.6665328125000001 0.923828125 0.661325525 0.919921875 0.65091095 0.919921875 0.6439679 0.9208984375 0.6422321375 0.9248046875 0.6422321375 0.9267578125 0.6457036625 0.9306640625 0.6457036625 0.9326171875 0.6491751875 0.9365234375 0.6491751875 0.9375 0.6439679 0.939453125 0.640496375 0.939453125 0.63702485 0.9462890625 0.6248745125 0.9521484375 0.6214029875 0.9574758484375 0.6134390078124999 0.9574758484375 0.6070714984375 0.9595061406250001 0.5987937421875 0.9642832671875 0.5960344890625 0.9684632531249999 0.597732490625 0.9703740921874999 0.60218974375 0.972046096875 0.6079205187500001 0.97144895625 0.6134390078124999 0.972046096875 0.6161982671875 0.9725238031250001 0.620018771875 0.9715683734375 0.6263862796875 0.970493528125 0.63126804375 0.9726432375 0.6635300828124999 0.9756289421875 0.6720200937499999 0.9782563578125 0.667562840625 0.98046875 0.661325525 0.98046875 0.6439679 0.9765625 0.6335533250000001 0.98046875 0.6300817999999999
6 0.578125 0.3731889453125 0.578125 0.3697174203125 0.58203125 0.35930284375 0.58203125 0.35583131875 0.580078125 0.35235979375 0.580078125 0.32805911875 0.576171875 0.32458759375 0.576171875 0.31417301875 0.5771484375 0.31243725625 0.5830078125 0.31243725625 0.583984375 0.31070149375 0.583984375 0.29681539375 0.580078125 0.28987234375000004 0.580078125 0.28640081875 0.576171875 0.27945776875 0.576171875 0.2759862421875 0.568359375 0.2655716671875 0.568359375 0.2516855671875 0.5654296875 0.24647827968749997 0.5615234375 0.24647827968749997 0.556640625 0.2551570921875 0.556640625 0.2655716671875 0.55078125 0.2759862421875 0.55078125 0.27945776875 0.548828125 0.28292929375 0.548828125 0.28987234375000004 0.546875 0.29334386874999996 0.546875 0.30028691875 0.548828125 0.30375844375 0.548828125 0.31070149375 0.55078125 0.31417301875 0.548828125 0.31764454375 0.548828125 0.33153064374999996 0.546875 0.33500216875 0.546875 0.33847369375 0.544921875 0.34194521875 0.544921875 0.34888826875 0.54296875 0.35235979375 0.54296875 0.3731889453125 0.541015625 0.3766604703125 0.541015625 0.3836035203125 0.5390625 0.3870750453125 0.5419921875 0.39228233281249997 0.544921875 0.3870750453125 0.544921875 0.3836035203125 0.546875 0.3801319953125 0.546875 0.3731889453125 0.548828125 0.3697174203125 0.5498046875 0.3645101328125 0.55078125 0.36624589531249996 0.55078125 0.3731889453125 0.5537109375 0.3749247078125 0.5556640625 0.3783962328125 0.5576171875 0.3783962328125 0.564453125 0.3905465703125 0.564453125 0.40443267031249996 0.56640625 0.40790419531250005 0.56640625 0.41484724531249995 0.5673828125 0.4165830078125 0.5712890625 0.4165830078125 0.572265625 0.41484724531249995 0.572265625 0.3905465703125 0.57421875 0.3870750453125 0.57421875 0.3801319953125 0.578125 0.3731889453125
6 0.595703125 0.14753981562500001 0.595703125 0.140596765625 0.5947265625 0.138861003125 0.5908203125 0.138861003125 0.58984375 0.133653715625 0.587890625 0.130182190625 0.587890625 0.126710665625 0.58203125 0.11629609062499999 0.58203125 0.1093530390625 0.5791015625 0.10414575156250001 0.5751953125 0.10414575156250001 0.572265625 0.1093530390625 0.572265625 0.11629609062499999 0.56640625 0.126710665625 0.56640625 0.140596765625 0.564453125 0.14406829062499998 0.568359375 0.154482865625 0.568359375 0.164897440625 0.56640625 0.168368965625 0.56640625 0.171840490625 0.568359375 0.175312015625 0.568359375 0.178783540625 0.572265625 0.189198115625 0.572265625 0.1996126921875 0.57421875 0.20308421718749997 0.57421875 0.2065557421875 0.5771484375 0.2117630296875 0.5810546875 0.2117630296875 0.58203125 0.2134987921875 0.58203125 0.2204418421875 0.583984375 0.2239133671875 0.5849609375 0.22912065468749998 0.5888671875 0.22912065468749998 0.58984375 0.2273848921875 0.58984375 0.2065557421875 0.591796875 0.20308421718749997 0.591796875 0.154482865625 0.595703125 0.14753981562500001
6 0.52734375 0.2169703171875 0.52734375 0.175312015625 0.525390625 0.171840490625 0.5283203125 0.16663320312500002 0.53125 0.164897440625 0.53125 0.157954390625 0.529296875 0.154482865625 0.529296875 0.14406829062499998 0.52734375 0.140596765625 0.52734375 0.137125240625 0.521484375 0.126710665625 0.521484375 0.11282456562500001 0.5185546875 0.1076172765625 0.5146484375 0.1076172765625 0.51171875 0.11282456562500001 0.51171875 0.130182190625 0.5087890625 0.13191795312500001 0.505859375 0.137125240625 0.505859375 0.161425915625 0.509765625 0.171840490625 0.509765625 0.20308421718749997 0.51171875 0.2065557421875 0.51171875 0.2239133671875 0.513671875 0.2273848921875 0.513671875 0.23779946718749997 0.5166015625 0.24300675468750002 0.51953125 0.24127099218749998 0.51953125 0.23779946718749997 0.521484375 0.23432794218750003 0.521484375 0.2273848921875 0.52734375 0.2169703171875
6 0.556640625 0.2516855671875 0.5595703125 0.24647827968749997 0.5712890625 0.24647827968749997 0.572265625 0.2447425171875 0.572265625 0.23432794218750003 0.5703125 0.2308564171875 0.5703125 0.1996126921875 0.572265625 0.19614116718750002 0.572265625 0.189198115625 0.568359375 0.182255065625 0.56640625 0.171840490625 0.5625 0.164897440625 0.5625 0.151011340625 0.5595703125 0.145804053125 0.5537109375 0.145804053125 0.5517578125 0.149275578125 0.5498046875 0.149275578125 0.544921875 0.157954390625 0.544921875 0.164897440625 0.541015625 0.171840490625 0.541015625 0.175312015625 0.5390625 0.178783540625 0.5390625 0.23432794218750003 0.537109375 0.23779946718749997 0.5390625 0.2482140421875 0.537109375 0.2516855671875 0.5400390625 0.2568928546875 0.5458984375 0.26036437968750004 0.5517578125 0.27077895625 0.552734375 0.2690431921875 0.5546875 0.2655716671875 0.5546875 0.25862861718749997 0.556640625 0.2551570921875 0.556640625 0.2516855671875
6 0.357421875 0.0746377890625 0.357421875 0.0607516890625 0.35546875 0.05728016406250001 0.35546875 0.0260364375 0.353515625 0.0225649125 0.3515625 0.0121503375 0.3486328125 0.006943050000000001 0.3447265625 0.006943050000000001 0.341796875 0.0121503375 0.341796875 0.0156218625 0.337890625 0.0225649125 0.337890625 0.0260364375 0.3359375 0.029507964062499996 0.3359375 0.036451014062499995 0.33984375 0.046865589062500004 0.33984375 0.05728016406250001 0.337890625 0.0607516890625 0.337890625 0.0815808390625 0.34375 0.0919954140625 0.34375 0.0954669390625 0.3466796875 0.1006742265625 0.3505859375 0.1006742265625 0.3515625 0.0989384640625 0.3515625 0.0919954140625 0.35546875 0.0850523640625 0.35546875 0.0781093140625 0.357421875 0.0746377890625
6 0.392578125 0.0503371140625 0.390625 0.046865589062500004 0.390625 0.0225649125 0.38671875 0.0156218625 0.38671875 0.008678812499999999 0.3857421875 0.006943050000000001 0.3798828125 0.006943050000000001 0.375 0.0156218625 0.375 0.0190933875 0.37109375 0.029507964062499996 0.37109375 0.0746377890625 0.373046875 0.0781093140625 0.373046875 0.0815808390625 0.375 0.0850523640625 0.3759765625 0.0902596515625 0.3779296875 0.0902596515625 0.3798828125 0.09373117656249999 0.3857421875 0.09373117656249999 0.38671875 0.0919954140625 0.388671875 0.0885238890625 0.388671875 0.0850523640625 0.392578125 0.0746377890625 0.392578125 0.0503371140625
1 0.3154296875 0.12497490156249999 0.3173828125 0.135389478125 0.3193359375 0.135389478125 0.322265625 0.130182190625 0.322265625 0.1093530390625 0.3203125 0.10588151406249999 0.3203125 0.0850523640625 0.318359375 0.0815808390625 0.318359375 0.046865589062500004 0.31640625 0.0433940640625 0.31640625 0.0399225390625 0.3134765625 0.038186775 0.3115234375 0.034715249999999996 0.2841796875 0.034715249999999996 0.2822265625 0.038186775 0.2802734375 0.038186775 0.2734375 0.0503371140625 0.2734375 0.0538086390625 0.271484375 0.05728016406250001 0.271484375 0.0676947390625 0.2734375 0.0711662640625 0.2734375 0.11629609062499999 0.275390625 0.119767615625 0.275390625 0.133653715625 0.2802734375 0.142332528125 0.2861328125 0.142332528125 0.2880859375 0.145804053125 0.291015625 0.14406829062499998 0.2939453125 0.138861003125 0.2958984375 0.138861003125 0.3037109375 0.12497490156249999 0.3154296875 0.12497490156249999
1 0.296875 0.30722996875 0.2998046875 0.30202268125 0.3115234375 0.30202268125 0.3193359375 0.28813658124999997 0.3212890625 0.28813658124999997 0.330078125 0.27251471718750003 0.330078125 0.2482140421875 0.328125 0.2447425171875 0.328125 0.18572659062500002 0.326171875 0.182255065625 0.326171875 0.168368965625 0.3212890625 0.15969015312499998 0.3173828125 0.15969015312499998 0.3154296875 0.156218628125 0.3076171875 0.156218628125 0.3056640625 0.15969015312499998 0.2958984375 0.15969015312499998 0.2939453125 0.152747103125 0.2880859375 0.15969015312499998 0.2744140625 0.15969015312499998 0.271484375 0.164897440625 0.271484375 0.168368965625 0.267578125 0.178783540625 0.267578125 0.18572659062500002 0.265625 0.189198115625 0.265625 0.19614116718750002 0.267578125 0.1996126921875 0.267578125 0.20308421718749997 0.265625 0.2065557421875 0.265625 0.25862861718749997 0.267578125 0.2621001421875 0.267578125 0.27945776875 0.26953125 0.28292929375 0.26953125 0.29681539375 0.2724609375 0.29855115625 0.2744140625 0.30202268125 0.2763671875 0.30202268125 0.2783203125 0.30549420625 0.2802734375 0.30549420625 0.28515625 0.31417301875 0.28515625 0.31764454375 0.287109375 0.32111606875 0.287109375 0.32805911875 0.2900390625 0.33326640625000004 0.291015625 0.33153064374999996 0.294921875 0.32458759375 0.294921875 0.31417301875 0.296875 0.31070149375 0.296875 0.30722996875
1 0.259765625 0.161425915625 0.2578125 0.157954390625 0.2578125 0.140596765625 0.255859375 0.137125240625 0.255859375 0.130182190625 0.25390625 0.126710665625 0.25390625 0.119767615625 0.255859375 0.11629609062499999 0.255859375 0.10588151406249999 0.25390625 0.10240998906250001 0.25390625 0.0989384640625 0.2509765625 0.09373117656249999 0.2490234375 0.09373117656249999 0.2470703125 0.0902596515625 0.2119140625 0.0902596515625 0.2021484375 0.1076172765625 0.2001953125 0.1076172765625 0.197265625 0.11282456562500001 0.197265625 0.12323914062500001 0.2001953125 0.128446428125 0.2255859375 0.128446428125 0.2275390625 0.12497490156249999 0.2412109375 0.12497490156249999 0.244140625 0.130182190625 0.244140625 0.171840490625 0.24609375 0.175312015625 0.244140625 0.18572659062500002 0.24609375 0.189198115625 0.24609375 0.19614116718750002 0.2470703125 0.197876928125 0.2509765625 0.197876928125 0.25390625 0.20308421718749997 0.2548828125 0.20829150468750002 0.2587890625 0.20829150468750002 0.259765625 0.2065557421875 0.26171875 0.20308421718749997 0.26171875 0.192669640625 0.259765625 0.189198115625 0.259765625 0.161425915625
1 0.447265625 0.161425915625 0.447265625 0.151011340625 0.44921875 0.14753981562500001 0.451171875 0.137125240625 0.455078125 0.130182190625 0.455078125 0.11282456562500001 0.45703125 0.1093530390625 0.45703125 0.0815808390625 0.455078125 0.0781093140625 0.455078125 0.0711662640625 0.453125 0.0676947390625 0.4521484375 0.0624874515625 0.4423828125 0.0624874515625 0.4404296875 0.0590159265625 0.4130859375 0.0590159265625 0.408203125 0.0676947390625 0.408203125 0.0885238890625 0.41015625 0.0919954140625 0.41015625 0.0954669390625 0.4130859375 0.09720270156250001 0.4140625 0.10240998906250001 0.416015625 0.10588151406249999 0.416015625 0.140596765625 0.41796875 0.14406829062499998 0.41796875 0.164897440625 0.4228515625 0.173576253125 0.4287109375 0.173576253125 0.431640625 0.178783540625 0.431640625 0.182255065625 0.4345703125 0.18746235312499998 0.435546875 0.18572659062500002 0.4375 0.182255065625 0.439453125 0.171840490625 0.4423828125 0.170104728125 0.447265625 0.161425915625
1 0.546875 0.14753981562500001 0.546875 0.126710665625 0.548828125 0.12323914062500001 0.548828125 0.0815808390625 0.55078125 0.0781093140625 0.55078125 0.0607516890625 0.5458984375 0.0520728765625 0.5400390625 0.0486013515625 0.5361328125 0.0416583015625 0.5048828125 0.0416583015625 0.5029296875 0.045129826562499996 0.5009765625 0.045129826562499996 0.498046875 0.0503371140625 0.498046875 0.0850523640625 0.49609375 0.0885238890625 0.498046875 0.0919954140625 0.49609375 0.0954669390625 0.49609375 0.1093530390625 0.494140625 0.11282456562500001 0.494140625 0.11629609062499999 0.49609375 0.119767615625 0.49609375 0.133653715625 0.4990234375 0.138861003125 0.5048828125 0.138861003125 0.51171875 0.126710665625 0.51171875 0.11629609062499999 0.513671875 0.11282456562500001 0.513671875 0.1093530390625 0.5146484375 0.1076172765625 0.5185546875 0.1076172765625 0.521484375 0.11282456562500001 0.521484375 0.12323914062500001 0.5234375 0.126710665625 0.5234375 0.130182190625 0.53125 0.14406829062499998 0.53125 0.151011340625 0.533203125 0.154482865625 0.533203125 0.157954390625 0.5341796875 0.15969015312499998 0.537109375 0.157954390625 0.5400390625 0.156218628125 0.5419921875 0.152747103125 0.5439453125 0.152747103125 0.546875 0.14753981562500001
1 0.197265625 0.32458759375 0.2001953125 0.31938030624999997 0.2021484375 0.31938030624999997 0.2041015625 0.31590878125 0.2177734375 0.31590878125 0.2197265625 0.31243725625 0.2255859375 0.30896573125 0.23046875 0.30028691875 0.23046875 0.29334386874999996 0.2314453125 0.29160810625 0.2333984375 0.29160810625 0.234375 0.29681539375 0.2373046875 0.30202268125 0.2412109375 0.30202268125 0.2421875 0.29681539375 0.244140625 0.29334386874999996 0.244140625 0.28640081875 0.24609375 0.28292929375 0.24609375 0.2690431921875 0.244140625 0.2655716671875 0.244140625 0.25862861718749997 0.248046875 0.2551570921875 0.248046875 0.1996126921875 0.24609375 0.19614116718750002 0.24609375 0.182255065625 0.244140625 0.178783540625 0.244140625 0.133653715625 0.2421875 0.130182190625 0.2412109375 0.12497490156249999 0.2197265625 0.12497490156249999 0.2177734375 0.128446428125 0.1962890625 0.128446428125 0.1943359375 0.13191795312500001 0.1728515625 0.13191795312500001 0.1640625 0.14753981562500001 0.1640625 0.151011340625 0.16015625 0.157954390625 0.16015625 0.164897440625 0.158203125 0.168368965625 0.16015625 0.171840490625 0.16015625 0.19614116718750002 0.162109375 0.1996126921875 0.162109375 0.2100272671875 0.16015625 0.2134987921875 0.16015625 0.2239133671875 0.162109375 0.2273848921875 0.162109375 0.23432794218750003 0.1640625 0.23779946718749997 0.1640625 0.27945776875 0.162109375 0.28292929375 0.162109375 0.28640081875 0.1650390625 0.29160810625 0.1689453125 0.29160810625 0.169921875 0.29334386874999996 0.169921875 0.30028691875 0.171875 0.30375844375 0.171875 0.30722996875 0.173828125 0.31070149375 0.1748046875 0.31590878125 0.1787109375 0.31590878125 0.1806640625 0.31938030624999997 0.1865234375 0.31938030624999997 0.1875 0.32458759375 0.189453125 0.32805911875 0.189453125 0.33500216875 0.19140625 0.33847369375 0.19140625 0.34194521875 0.1923828125 0.34368098125 0.1962890625 0.34368098125 0.197265625 0.34194521875 0.1953125 0.33847369375 0.1953125 0.33500216875 0.197265625 0.33153064374999996 0.197265625 0.32458759375
4 0.513671875 0.29334386874999996 0.513671875 0.2759862421875 0.515625 0.27251471718750003 0.515625 0.2690431921875 0.513671875 0.2655716671875 0.513671875 0.23779946718749997 0.51171875 0.23432794218750003 0.51171875 0.2169703171875 0.509765625 0.2134987921875 0.509765625 0.1996126921875 0.5078125 0.19614116718750002 0.5078125 0.182255065625 0.505859375 0.178783540625 0.505859375 0.171840490625 0.501953125 0.164897440625 0.501953125 0.161425915625 0.5 0.157954390625 0.5 0.14753981562500001 0.4951171875 0.138861003125 0.4873046875 0.138861003125 0.4853515625 0.135389478125 0.4541015625 0.135389478125 0.451171875 0.140596765625 0.451171875 0.14753981562500001 0.447265625 0.154482865625 0.447265625 0.161425915625 0.4453125 0.164897440625 0.4453125 0.192669640625 0.4375 0.2065557421875 0.439453125 0.2100272671875 0.439453125 0.2169703171875 0.44140625 0.2204418421875 0.44140625 0.2655716671875 0.443359375 0.2690431921875 0.443359375 0.30375844375 0.4453125 0.30722996875 0.4453125 0.31070149375 0.4482421875 0.31590878125 0.4501953125 0.31590878125 0.4521484375 0.31243725625 0.4560546875 0.31243725625 0.4580078125 0.30896573125 0.4853515625 0.30896573125 0.4873046875 0.31243725625 0.5009765625 0.31243725625 0.5029296875 0.31590878125 0.5126953125 0.31590878125 0.513671875 0.31417301875 0.513671875 0.30722996875 0.515625 0.30375844375 0.515625 0.29681539375 0.513671875 0.29334386874999996
7 0.4052734375 0.3818677578125 0.4072265625 0.3783962328125 0.4111328125 0.3783962328125 0.4130859375 0.3749247078125 0.4150390625 0.3749247078125 0.41796875 0.3697174203125 0.41796875 0.33500216875 0.419921875 0.33153064374999996 0.419921875 0.2759862421875 0.421875 0.27251471718750003 0.421875 0.2516855671875 0.419921875 0.2482140421875 0.419921875 0.189198115625 0.41796875 0.18572659062500002 0.41796875 0.168368965625 0.416015625 0.164897440625 0.416015625 0.151011340625 0.4140625 0.14753981562500001 0.4140625 0.126710665625 0.412109375 0.12323914062500001 0.412109375 0.119767615625 0.4140625 0.11629609062499999 0.4140625 0.10588151406249999 0.4091796875 0.09720270156250001 0.3662109375 0.09720270156250001 0.3642578125 0.1006742265625 0.3505859375 0.1006742265625 0.3486328125 0.10414575156250001 0.3447265625 0.10414575156250001 0.33984375 0.11282456562500001 0.33984375 0.119767615625 0.337890625 0.12323914062500001 0.337890625 0.126710665625 0.3359375 0.130182190625 0.3359375 0.133653715625 0.333984375 0.137125240625 0.333984375 0.140596765625 0.330078125 0.151011340625 0.330078125 0.20308421718749997 0.333984375 0.2134987921875 0.333984375 0.2621001421875 0.33203125 0.2655716671875 0.33203125 0.2690431921875 0.333984375 0.27251471718750003 0.333984375 0.2759862421875 0.33203125 0.27945776875 0.33203125 0.28292929375 0.333984375 0.28640081875 0.333984375 0.36277437031250004 0.3359375 0.36624589531249996 0.3359375 0.3766604703125 0.337890625 0.3801319953125 0.337890625 0.3836035203125 0.3408203125 0.3888108078125 0.3466796875 0.3888108078125 0.34765625 0.3870750453125 0.3486328125 0.3853392828125 0.3935546875 0.3853392828125 0.3955078125 0.3818677578125 0.4052734375 0.3818677578125