3 0.5 0.769097221875 0.51171875 0.730902778125 0.509765625 0.7100694437499999 0.513671875 0.703125 0.515625 0.6510416671875 0.53125 0.6197916671875 0.533203125 0.5954861109375 0.533203125 0.3072916671875 0.529296875 0.26215277812500004 0.53125 0.15798611093749998 0.4794921875 0.125 0.4287109375 0.10069444375 0.3623046875 0.09375 0.3095703125 0.097222221875 0.2177734375 0.1145833328125 0.1611328125 0.14236111093749998 0.1435546875 0.16319444375 0.126953125 0.19965277812499999 0.12109375 0.24826388906250002 0.111328125 0.2829861109375 0.1015625 0.36284722187499996 0.080078125 0.453125 0.07421875 0.515625 0.07421875 0.5572916671875 0.068359375 0.574652778125 0.06640625 0.612847221875 0.06640625 0.6614583328125 0.076171875 0.7135416671875 0.076171875 0.730902778125 0.0712890625 0.746527778125 0.0556640625 0.75 0.052734375 0.7552083328125 0.0546875 0.793402778125 0.0673828125 0.8125 0.1201171875 0.840277778125 0.1337890625 0.8506944437499999 0.1357421875 0.8576388890625 0.1552734375 0.8541666671874999 0.2177734375 0.871527778125 0.2548828125 0.8888888890625 0.3330078125 0.8958333328125001 0.3544921875 0.902777778125 0.4072265625 0.8993055562500001 0.4208984375 0.8888888890625 0.427734375 0.8663194437499999 0.4345703125 0.8611111109375 0.453125 0.890625 0.4560546875 0.902777778125 0.474609375 0.9045138890625 0.482421875 0.8975694437499999 0.490234375 0.8697916671874999 0.498046875 0.8211805562500001 0.5 0.769097221875
3 0.8857421875 0.753472221875 0.8955078125 0.7708333328125 0.9033203125 0.7743055562500001 0.908203125 0.7552083328125 0.9150390625 0.746527778125 0.9384765625 0.7395833328125 0.94140625 0.7274305562500001 0.939453125 0.675347221875 0.9326171875 0.6388888890625 0.9013671875 0.6076388890625 0.8974609375 0.590277778125 0.8681640625 0.559027778125 0.8583984375 0.5520833328125 0.8154296875 0.5486111109375 0.8115234375 0.5625 0.802734375 0.5677083328125 0.80078125 0.5954861109375 0.828125 0.644097221875 0.82421875 0.7517361109375 0.828125 0.793402778125 0.837890625 0.8038194437499999 0.84375 0.7864583328125 0.845703125 0.765625 0.8564453125 0.753472221875 0.8857421875 0.753472221875
3 0.7607421875 0.36805555624999997 0.7509765625 0.35069444375000003 0.7373046875 0.34027777812500004 0.7060546875 0.34027777812500004 0.69921875 0.3454861109375 0.693359375 0.38715277812500004 0.693359375 0.42534722187499996 0.6962890625 0.4375 0.7060546875 0.4513888890625 0.7138671875 0.4513888890625 0.7275390625 0.46527777812500004 0.7333984375 0.4583333328125 0.7373046875 0.46180555625 0.7431640625 0.4548611109375 0.7548828125 0.4548611109375 0.7685546875 0.47222222187499996 0.775390625 0.4704861109375 0.78125 0.4322916671875 0.78125 0.4045138890625 0.7724609375 0.375 0.7607421875 0.36805555624999997
7 0.7939453125 0.8298611109375 0.826171875 0.828125 0.82421875 0.7447916671875 0.8125 0.706597221875 0.822265625 0.699652778125 0.826171875 0.6788194437499999 0.826171875 0.644097221875 0.8017578125 0.6006944437499999 0.7744140625 0.5868055562500001 0.7216796875 0.590277778125 0.712890625 0.6197916671875 0.716796875 0.644097221875 0.7109375 0.668402778125 0.708984375 0.737847221875 0.71484375 0.7864583328125 0.71875 0.796875 0.720703125 0.8420138890625 0.73046875 0.862847221875 0.73046875 0.8802083328125001 0.7353515625 0.8888888890625 0.7421875 0.890625 0.7529296875 0.8819444437499999 0.7783203125 0.8819444437499999 0.78515625 0.8420138890625 0.7939453125 0.8298611109375
4 0.7587890625 0.9548611109375 0.748046875 0.9149305562500001 0.7294921875 0.8888888890625 0.6884765625 0.8888888890625 0.6796875 0.9010416671874999 0.6640625 0.9461805562500001 0.6640625 0.9947916671874999 0.6669921875 1 0.767578125 0.9982638890625 0.767578125 0.987847221875 0.76171875 0.9739583328125001 0.765625 0.953125 0.7587890625 0.9548611109375
1 0.84765625 0.8767361109375 0.845703125 0.855902778125 0.8349609375 0.8333333328125001 0.8291015625 0.8298611109375 0.7978515625 0.8298611109375 0.7919921875 0.8333333328125001 0.78515625 0.8489583328125001 0.779296875 0.956597221875 0.8037109375 0.9756944437499999 0.8125 0.9739583328125001 0.8203125 0.894097221875 0.8271484375 0.8819444437499999 0.8447265625 0.8819444437499999 0.84765625 0.8767361109375
1 0.8740234375 0.8854166671874999 0.8291015625 0.8819444437499999 0.8203125 0.894097221875 0.814453125 0.9947916671874999 0.8173828125 1 0.826171875 0.9982638890625 0.8759765625 0.996527778125 0.884765625 0.984375 0.884765625 0.9114583328125001 0.8740234375 0.8854166671874999
1 0.9091796875 0.7986111109375 0.8818359375 0.7951388890625 0.865234375 0.8107638890625 0.859375 0.8524305562500001 0.859375 0.8767361109375 0.8759765625 0.8854166671874999 0.8837890625 0.902777778125 0.88671875 0.9010416671874999 0.8955078125 0.8611111109375 0.92578125 0.8524305562500001 0.923828125 0.8211805562500001 0.9091796875 0.7986111109375
1 0.953125 0.918402778125 0.951171875 0.887152778125 0.9365234375 0.8576388890625 0.9013671875 0.8576388890625 0.8955078125 0.8611111109375 0.890625 0.8732638890625 0.88671875 0.9045138890625 0.88671875 0.9774305562500001 0.8994140625 0.996527778125 0.91015625 0.9982638890625 0.916015625 0.984375 0.921875 0.9322916671874999 0.9267578125 0.9236111109375 0.953125 0.918402778125
1 0.9921875 0.8489583328125001 0.9921875 0.831597221875 0.9814453125 0.809027778125 0.9697265625 0.7986111109375 0.9345703125 0.8020833328125001 0.927734375 0.824652778125 0.9296875 0.8524305562500001 0.9384765625 0.8576388890625 0.94921875 0.8767361109375 0.955078125 0.9114583328125001 0.9580078125 0.9166666671874999 0.96484375 0.9149305562500001 0.96875 0.9079861109375 0.9765625 0.862847221875 0.9814453125 0.8541666671874999 0.9921875 0.8489583328125001
1 1 0.7170138890625 0.9814453125 0.6979166671875 0.9580078125 0.6979166671875 0.947265625 0.7204861109375 0.947265625 0.7413194437499999 0.966796875 0.769097221875 0.970703125 0.793402778125 0.982421875 0.8038194437499999 0.9931640625 0.8020833328125001 0.99609375 0.7829861109375 1 0.7795138890625 1 0.7170138890625
1 0.96875 0.7795138890625 0.96484375 0.765625 0.9462890625 0.7430555562500001 0.9150390625 0.746527778125 0.908203125 0.7586805562500001 0.90625 0.793402778125 0.927734375 0.8211805562500001 0.9296875 0.8107638890625 0.9404296875 0.7986111109375 0.9677734375 0.7986111109375 0.96875 0.7795138890625
1 0.89453125 0.7795138890625 0.8857421875 0.7569444437499999 0.8525390625 0.7569444437499999 0.84375 0.7795138890625 0.83984375 0.8385416671874999 0.84765625 0.855902778125 0.849609375 0.8732638890625 0.857421875 0.8767361109375 0.865234375 0.8107638890625 0.8720703125 0.7986111109375 0.89453125 0.793402778125 0.89453125 0.7795138890625
7 0.9619140625 0.5138888890625 0.9501953125 0.5069444437499999 0.9208984375 0.5104166671875 0.91796875 0.515625 0.9140625 0.5607638890625 0.9140625 0.612847221875 0.9306640625 0.6354166671875 0.9677734375 0.6354166671875 0.982421875 0.640625 0.984375 0.6267361109375 0.978515625 0.5850694437499999 0.9765625 0.5329861109375 0.9619140625 0.5138888890625
4 0.6240234375 0.7013888890625 0.6484375 0.6961805562500001 0.6484375 0.6510416671875 0.6376953125 0.6319444437499999 0.6103515625 0.628472221875 0.6025390625 0.6319444437499999 0.595703125 0.6475694437499999 0.591796875 0.6822916671875 0.591796875 0.737847221875 0.59765625 0.7447916671875 0.599609375 0.765625 0.60546875 0.7725694437499999 0.61328125 0.7586805562500001 0.61328125 0.7413194437499999 0.62109375 0.706597221875 0.6240234375 0.7013888890625
4 0.6171875 0.5850694437499999 0.6064453125 0.5555555562500001 0.5751953125 0.5555555562500001 0.568359375 0.5677083328125 0.56640625 0.6336805562500001 0.57421875 0.6579861109375 0.580078125 0.6267361109375 0.5908203125 0.6041666671875 0.619140625 0.605902778125 0.6171875 0.5850694437499999
4 0.6875 0.6232638890625 0.6875 0.5989583328125 0.6787109375 0.5729166671875 0.6611328125 0.5625 0.658203125 0.5711805562500001 0.66015625 0.671875 0.66796875 0.671875 0.6787109375 0.6701388890625 0.681640625 0.6614583328125 0.681640625 0.640625 0.6875 0.6232638890625
4 0.6728515625 0.46180555625 0.6591796875 0.46180555625 0.65625 0.4670138890625 0.658203125 0.5329861109375 0.6650390625 0.5416666671875 0.685546875 0.5399305562500001 0.689453125 0.5295138890625 0.689453125 0.5017361109375 0.68359375 0.47743055625 0.6728515625 0.46180555625
4 0.6328125 0.5086805562500001 0.630859375 0.48090277812500004 0.6220703125 0.4583333328125 0.5966796875 0.4548611109375 0.58984375 0.4635416671875 0.5859375 0.484375 0.5859375 0.5225694437499999 0.5947265625 0.5451388890625 0.599609375 0.543402778125 0.6044921875 0.5416666671875 0.6162109375 0.5138888890625 0.6298828125 0.5138888890625 0.6328125 0.5086805562500001
4 0.6611328125 0.5625 0.66796875 0.5607638890625 0.666015625 0.546875 0.6591796875 0.5416666671875 0.658203125 0.5572916671875 0.6611328125 0.5625
4 0.6298828125 0.534722221875 0.62109375 0.5607638890625 0.619140625 0.5954861109375 0.6318359375 0.625 0.63671875 0.6232638890625 0.640625 0.581597221875 0.6484375 0.5642361109375 0.6474609375 0.534722221875 0.6298828125 0.534722221875
4 0.677734375 0.6961805562500001 0.67578125 0.7135416671875 0.6943359375 0.7708333328125 0.708984375 0.769097221875 0.7109375 0.6822916671875 0.7041015625 0.6736111109375 0.6884765625 0.6736111109375 0.677734375 0.6961805562500001