1 0.330078125 0.6128389249999999 0.322265625 0.53366076875 0.3115234375 0.525742953125 0.2666015625 0.5289100796875 0.263671875 0.6666800703125 0.267578125 0.7046855843750001 0.3115234375 0.7062691484375 0.330078125 0.720521215625 0.333984375 0.7141869640625 0.333984375 0.6635129453124999 0.328125 0.6350088078125 0.330078125 0.6128389249999999
4 0.5703125 0.733189721875 0.5419921875 0.718937653125 0.4775390625 0.7221047796875 0.451171875 0.7965322453125 0.453125 0.8092007515624999 0.443359375 0.8788775281250001 0.447265625 0.9295515468750001 0.4931640625 0.943803615625 0.55859375 0.945387178125 0.578125 0.9073816625 0.587890625 0.8535405171875 0.583984375 0.7806966140625 0.5703125 0.733189721875
4 0.865234375 0.939052925 0.84375 0.9358858 0.82421875 0.8440391390625 0.8154296875 0.8297870703125 0.8017578125 0.8234528203125 0.7119140625 0.8234528203125 0.6953125 0.8567076437500001 0.68359375 0.9200501687499999 0.662109375 0.9295515468750001 0.6669921875 0.9469707406250001 0.6796875 0.95488855625 0.6806640625 0.9976447609375001 0.84765625 0.9960611984375 0.845703125 0.9707241874999999 0.8505859375 0.9628063718750001 0.8623046875 0.9628063718750001 0.865234375 0.939052925
4 0.638671875 0.6318416828125 0.62890625 0.571666284375 0.6025390625 0.560581340625 0.5419921875 0.56374846875 0.51953125 0.6286745546875 0.5 0.6350088078125 0.5009765625 0.6460937484375 0.51171875 0.6508444390625 0.51171875 0.6666800703125 0.50390625 0.6888499546875 0.50390625 0.7141869640625 0.5654296875 0.7221047796875 0.5791015625 0.753776040625 0.6259765625 0.7632774203125 0.630859375 0.7711952359375001 0.62890625 0.7806966140625 0.63671875 0.79019799375 0.646484375 0.7553596046875 0.646484375 0.6635129453124999 0.65234375 0.6476773140625001 0.638671875 0.6318416828125
4 0.744140625 0.7870308671874999 0.7548828125 0.76011029375 0.7939453125 0.75694316875 0.802734375 0.749025353125 0.794921875 0.6698471953125 0.7822265625 0.6334252453125 0.7138671875 0.6270909921875 0.6953125 0.6381759359375 0.677734375 0.7141869640625 0.677734375 0.72685546875 0.68359375 0.7363568468749999 0.677734375 0.8250363828125 0.6796875 0.88837890625 0.68359375 0.88837890625 0.7080078125 0.8234528203125 0.7353515625 0.8171185671875 0.7421875 0.8092007515624999 0.744140625 0.7870308671874999
4 0.6240234375 0.3990579046875 0.5849609375 0.3990579046875 0.5771484375 0.40539215625 0.560546875 0.4481483609375 0.55078125 0.4513154859375 0.556640625 0.46081686718750003 0.5546875 0.48932100156249997 0.6044921875 0.5004059437499999 0.6298828125 0.5574142156249999 0.646484375 0.56216490625 0.65234375 0.5431621468750001 0.65625 0.46081686718750003 0.642578125 0.41330997187499996 0.6240234375 0.3990579046875
4 0.3642578125 0.48140318593750003 0.3095703125 0.48773743906249994 0.30078125 0.5019895062499999 0.296875 0.527326515625 0.3037109375 0.5289100796875 0.3076171875 0.5194087015625 0.322265625 0.53366076875 0.328125 0.59700329375 0.3330078125 0.604921109375 0.3544921875 0.604921109375 0.376953125 0.6191731765624999 0.392578125 0.59700329375 0.392578125 0.5431621468750001 0.375 0.48932100156249997 0.3642578125 0.48140318593750003
4 0.171875 0.6191731765624999 0.171875 0.59700329375 0.1611328125 0.582751225 0.0888671875 0.582751225 0.0712890625 0.5954197296875 0.0625 0.6223403046875 0.064453125 0.73002259375 0.060546875 0.76169385625 0.0791015625 0.775945925 0.0888671875 0.769611671875 0.1396484375 0.775945925 0.1474609375 0.7791130515625 0.1552734375 0.7981158078125 0.16796875 0.799699371875 0.181640625 0.768028109375 0.18359375 0.717354090625 0.181640625 0.6603458171875001 0.171875 0.6191731765624999
3 1 0.6698471953125 0.9892578125 0.6619293796875 0.9853515625 0.6460937484375 0.9677734375 0.6492608765625 0.9619140625 0.6239238671875 0.9443359375 0.6365923703125 0.9404296875 0.6270909921875 0.935546875 0.6286745546875 0.92578125 0.5780005359375 0.927734375 0.56216490625 0.935546875 0.5494964 0.935546875 0.53366076875 0.923828125 0.508323759375 0.921875 0.48615387656250003 0.9091796875 0.4719018078125 0.888671875 0.5146580125 0.888671875 0.587501915625 0.8828125 0.6381759359375 0.8828125 0.7965322453125 0.8984375 0.8250363828125 0.90234375 0.8598747703124999 0.939453125 0.926384421875 0.9453125 0.9643899359375 0.98828125 0.9675570625000001 1 0.9643899359375 1 0.6698471953125
4 0.0009765625 0.7727788 0 0.8788775281250001 0.0517578125 0.8836282171875001 0.06640625 0.9010474125 0.0830078125 0.9469707406250001 0.0908203125 0.9469707406250001 0.1015625 0.9612228093749999 0.111328125 0.8820446531250001 0.083984375 0.7933651203125 0.0712890625 0.7727788 0.0009765625 0.7727788
7 0.7587890625 0.4402305453125 0.7060546875 0.427562040625 0.6796875 0.43231272968749995 0.671875 0.5051566328125 0.666015625 0.5209922640625 0.671875 0.53366076875 0.669921875 0.6413430609375 0.677734375 0.6476773140625001 0.6826171875 0.6302581203125001 0.759765625 0.6255074296875 0.765625 0.5146580125 0.7587890625 0.4402305453125
4 0.7841796875 0.427562040625 0.7509765625 0.427562040625 0.748046875 0.43231272968749995 0.7568359375 0.4370634203125 0.763671875 0.4544826140625 0.763671875 0.5051566328125 0.771484375 0.527326515625 0.765625 0.56216490625 0.806640625 0.56533203125 0.810546875 0.555830653125 0.810546875 0.5178251375 0.798828125 0.4386469828125 0.7841796875 0.427562040625
4 0.6435546875 0.323046875 0.6162109375 0.3262140015625 0.6015625 0.365803078125 0.599609375 0.3911400875 0.6044921875 0.3990579046875 0.6396484375 0.40539215625 0.658203125 0.45764973906249995 0.673828125 0.46081686718750003 0.677734375 0.40380859375 0.673828125 0.359468828125 0.666015625 0.330964690625 0.6435546875 0.323046875
4 0.7451171875 0.3198797484375 0.732421875 0.36263595312499997 0.7265625 0.4259784765625 0.7958984375 0.43072916718750004 0.8046875 0.46398399218749997 0.8125 0.4671511171875 0.814453125 0.40064146718750004 0.8046875 0.33729894374999997 0.7900390625 0.3198797484375 0.7451171875 0.3198797484375
4 0.7587890625 0.3040441171875 0.7236328125 0.30087699218749997 0.712890625 0.3087948078125 0.69921875 0.365803078125 0.701171875 0.40697572031249996 0.7041015625 0.4148935359375 0.7109375 0.41330997187499996 0.7265625 0.40380859375 0.740234375 0.3246304375 0.7607421875 0.3135454953125 0.7587890625 0.3040441171875