1 0.75 0.8269906328125 0.7431640625 0.8138173296875 0.7294921875 0.8079625296874999 0.7236328125 0.8108899296875001 0.7119140625 0.8079625296874999 0.6982421875 0.8138173296875 0.6865234375 0.8138173296875 0.6787109375 0.8313817328124999 0.6748046875 0.8313817328124999 0.6708984375 0.8225995312500001 0.666015625 0.82406323125 0.666015625 0.8328454328125 0.671875 0.838700234375 0.671875 0.8474824359375001 0.67578125 0.8562646375 0.671875 0.8709016390625001 0.671875 0.8855386421875 0.6748046875 0.8928571421875 0.6904296875 0.8957845437499999 0.7080078125 0.9221311468750001 0.7236328125 0.9221311468750001 0.7314453125 0.9309133484375 0.7421875 0.9294496484374999 0.744140625 0.920667446875 0.7421875 0.9089578453125 0.75 0.879683840625 0.75 0.8269906328125
6 0.162109375 0.9411592499999999 0.1357421875 0.8870023421875001 0.1220703125 0.9045667453125 0.11328125 0.8650468390625001 0.1064453125 0.8635831375 0.1005859375 0.878220140625 0.0927734375 0.8577283375 0.076171875 0.9440866515625 0.0849609375 0.9689695546875001 0.095703125 0.9704332546875 0.1318359375 0.9631147546875001 0.1376953125 0.954332553125 0.1552734375 0.9631147546875001 0.162109375 0.9411592499999999
1 0.2587890625 0.6498829046875 0.220703125 0.683548009375 0.21484375 0.7596604218749999 0.2216796875 0.7757611234375 0.267578125 0.783079625 0.29296875 0.7420960187500001 0.298828125 0.6923302109375 0.2900390625 0.66159250625 0.2587890625 0.6498829046875
1 0.0849609375 0.5444964875 0.052734375 0.569379390625 0.046875 0.645491803125 0.0537109375 0.6586651046875 0.0732421875 0.6498829046875 0.09375 0.66012880625 0.115234375 0.6220726 0.115234375 0.566451990625 0.1064453125 0.5474238875 0.0849609375 0.5444964875
1 0.900390625 0.7479508203125 0.90234375 0.7098946140625 0.8642578125 0.66451990625 0.8388671875 0.6674473062499999 0.828125 0.683548009375 0.8203125 0.7362412171875 0.8369140625 0.7669789234375 0.845703125 0.727459015625 0.8525390625 0.725995315625 0.865234375 0.7684426234374999 0.869140625 0.7420960187500001 0.8759765625 0.7347775171875 0.8857421875 0.7523419203125 0.900390625 0.7479508203125
1 0.2119140625 0.6176814984375001 0.1865234375 0.6118266984375 0.14453125 0.642564403125 0.16015625 0.6952576109375 0.16015625 0.7157494140625 0.1689453125 0.725995315625 0.1796875 0.724531615625 0.1982421875 0.685011709375 0.220703125 0.6718384078125 0.21875 0.6308548015625 0.2119140625 0.6176814984375001
1 0.2021484375 0.570843090625 0.1748046875 0.562060890625 0.1328125 0.5957259953125 0.130859375 0.66012880625 0.13671875 0.6776932078125 0.1494140625 0.6352459015624999 0.1845703125 0.6118266984375 0.20703125 0.6132903984375 0.2021484375 0.570843090625
1 0.2548828125 0.5591334890625 0.21484375 0.58987119375 0.21875 0.66891100625 0.228515625 0.66891100625 0.28515625 0.6191451984375 0.28515625 0.58108899375 0.2763671875 0.564988290625 0.2548828125 0.5591334890625
1 0.3330078125 0.570843090625 0.310546875 0.607435596875 0.310546875 0.648419203125 0.3232421875 0.6293911 0.34765625 0.66598360625 0.365234375 0.642564403125 0.3671875 0.58987119375 0.3623046875 0.5737704921875 0.3330078125 0.570843090625
1 0.40625 0.5371779859375 0.41796875 0.5313231843749999 0.41796875 0.5137587828125 0.4091796875 0.4976580796875 0.3896484375 0.491803278125 0.353515625 0.5166861828125 0.3515625 0.569379390625 0.3623046875 0.5737704921875 0.3681640625 0.5913348953125 0.380859375 0.5927985953125 0.38671875 0.5605971890625 0.3916015625 0.5562060890625 0.3994140625 0.5737704921875 0.40625 0.5371779859375
1 0.2744140625 0.450819671875 0.248046875 0.47277517500000005 0.2421875 0.5430327875 0.2509765625 0.5532786890625 0.27734375 0.5547423890625 0.294921875 0.528395784375 0.298828125 0.47570257656250003 0.2939453125 0.4566744734375 0.2744140625 0.450819671875
1 0.2080078125 0.45374707187499996 0.1865234375 0.45374707187499996 0.158203125 0.48155737656250003 0.158203125 0.5371779859375 0.1708984375 0.5503512875000001 0.1845703125 0.5357142859375 0.1953125 0.5518149890624999 0.21484375 0.5342505859375 0.220703125 0.5108313812499999 0.21875 0.46399297500000003 0.2080078125 0.45374707187499996
1 0.4638671875 0.3425058546875 0.458984375 0.35567915625 0.45703125 0.414227165625 0.458984375 0.42593676875 0.46484375 0.42593676875 0.49609375 0.4200819671875 0.494140625 0.35567915625 0.4873046875 0.3425058546875 0.4638671875 0.3425058546875
1 0.3974609375 0.3893442625 0.3720703125 0.3893442625 0.36328125 0.408372365625 0.36328125 0.43764637031250003 0.375 0.4435011703125 0.3837890625 0.43325526875 0.3935546875 0.4391100703125 0.400390625 0.42886416875 0.3974609375 0.3893442625
1 0.3720703125 0.3395784546875 0.37109375 0.3849531609375 0.400390625 0.3878805625 0.41015625 0.3790983609375 0.408203125 0.35275175625 0.3955078125 0.336651053125 0.3720703125 0.3395784546875
1 0.32421875 0.3761709609375 0.349609375 0.3937353625 0.36328125 0.3820257609375 0.36328125 0.3615339578125 0.3349609375 0.3571428578125 0.32421875 0.3761709609375
1 0.3955078125 0.289812646875 0.38671875 0.329332553125 0.4140625 0.3615339578125 0.421875 0.3586065578125 0.423828125 0.3439695546875 0.419921875 0.29127634687500004 0.3955078125 0.289812646875
7 0.47265625 0.5401053859375 0.521484375 0.5459601875 0.525390625 0.484484778125 0.517578125 0.42886416875 0.4775390625 0.42740046875 0.47265625 0.5401053859375
4 0.6025390625 0.567915690625 0.591796875 0.5957259953125 0.59765625 0.683548009375 0.654296875 0.6923302109375 0.658203125 0.6572014046875 0.642578125 0.5752341921874999 0.6259765625 0.564988290625 0.6025390625 0.567915690625
4 0.6025390625 0.4771662765625 0.591796875 0.5108313812499999 0.6015625 0.5576697890625 0.6376953125 0.567915690625 0.65234375 0.5927985953125 0.658203125 0.5547423890625 0.640625 0.484484778125 0.6298828125 0.47423887656249997 0.6025390625 0.4771662765625
4 0.55859375 0.408372365625 0.56640625 0.4581381734375 0.60546875 0.46399297500000003 0.609375 0.4405737703125 0.59765625 0.3820257609375 0.5712890625 0.374707259375 0.55859375 0.408372365625
4 0.8525390625 0.254683840625 0.8115234375 0.254683840625 0.7978515625 0.257611240625 0.7822265625 0.2810304453125 0.7626953125 0.2839578453125 0.76171875 0.31176815 0.7783203125 0.330796253125 0.787109375 0.329332553125 0.7958984375 0.32201405156249996 0.8525390625 0.3249414515625 0.861328125 0.2678571421875 0.8525390625 0.254683840625
4 0.845703125 0.2473653390625 0.8369140625 0.2371194375 0.7841796875 0.2400468390625 0.7744140625 0.257611240625 0.748046875 0.2678571421875 0.748046875 0.2854215453125 0.759765625 0.29127634687500004 0.7861328125 0.27517564375000003 0.7978515625 0.257611240625 0.8427734375 0.254683840625 0.845703125 0.2473653390625
4 0.9189453125 0.2254098359375 0.8662109375 0.2224824359375 0.849609375 0.2415105390625 0.8681640625 0.2839578453125 0.888671875 0.2824941453125 0.8974609375 0.2663934421875 0.9111328125 0.27517564375000003 0.923828125 0.27078454375 0.9189453125 0.2254098359375
4 0.974609375 0.34982435624999997 0.970703125 0.30884075 0.9638671875 0.2985948484375 0.9072265625 0.30152224843750003 0.8876953125 0.32786885312499997 0.865234375 0.335187353125 0.86328125 0.35275175625 0.880859375 0.3644613578125 0.9033203125 0.3425058546875 0.9248046875 0.3571428578125 0.9697265625 0.3571428578125 0.974609375 0.34982435624999997
4 0.814453125 0.22394613593749998 0.8076171875 0.213700234375 0.7666015625 0.210772834375 0.7490234375 0.213700234375 0.7353515625 0.2341920375 0.71484375 0.2385831375 0.7177734375 0.257611240625 0.75 0.2649297421875 0.7705078125 0.257611240625 0.7841796875 0.2371194375 0.8134765625 0.2341920375 0.814453125 0.22394613593749998
1 0.7646484375 0.32201405156249996 0.7431640625 0.3190866515625 0.736328125 0.34982435624999997 0.73828125 0.3908079625 0.7431640625 0.4010538640625 0.75390625 0.39959016406250003 0.76171875 0.370316159375 0.771484375 0.3615339578125 0.771484375 0.33811475468749996 0.7646484375 0.32201405156249996
1 0.72265625 0.29127634687500004 0.724609375 0.31469555 0.736328125 0.329332553125 0.7431640625 0.3190866515625 0.7578125 0.31762295156250003 0.7490234375 0.289812646875 0.72265625 0.29127634687500004
1 0.728515625 0.32347775156249997 0.7216796875 0.30737704843749997 0.6943359375 0.30737704843749997 0.69140625 0.31469555 0.693359375 0.35567915625 0.701171875 0.373243559375 0.7080078125 0.34543325468749997 0.7197265625 0.3571428578125 0.728515625 0.34689695625 0.728515625 0.32347775156249997
1 0.5693359375 0.2400468390625 0.56640625 0.3000585484375 0.5712890625 0.31030445 0.587890625 0.31176815 0.599609375 0.29713114687500003 0.59765625 0.256147540625 0.5908203125 0.24297423906249999 0.5693359375 0.2400468390625
1 0.5361328125 0.24297423906249999 0.529296875 0.256147540625 0.52734375 0.30298594843750004 0.5361328125 0.3190866515625 0.544921875 0.3205503515625 0.564453125 0.288348946875 0.5625 0.2590749421875 0.5537109375 0.24297423906249999 0.5361328125 0.24297423906249999
1 0.71484375 0.2620023421875 0.712890625 0.3000585484375 0.71875 0.3000585484375 0.7236328125 0.289812646875 0.744140625 0.2854215453125 0.7392578125 0.2634660421875 0.71484375 0.2620023421875
1 0.6767578125 0.5357142859375 0.6640625 0.5927985953125 0.6640625 0.6191451984375 0.6748046875 0.6469555031249999 0.69921875 0.6513466046875 0.7109375 0.6308548015625 0.71484375 0.601580796875 0.712890625 0.5459601875 0.6767578125 0.5357142859375
1 0.8232421875 0.5796252921875 0.7919921875 0.5766978921875 0.7890625 0.6718384078125 0.810546875 0.6894028109375 0.8232421875 0.6528103046875 0.8359375 0.6630562062500001 0.837890625 0.6162177984375 0.8232421875 0.5796252921875
1 0.7626953125 0.5152224828125 0.763671875 0.5371779859375 0.7744140625 0.5444964875 0.783203125 0.5723067921875 0.791015625 0.5781615921875 0.8134765625 0.5766978921875 0.81640625 0.5459601875 0.7880859375 0.50936768125 0.7626953125 0.5152224828125
1 0.8388671875 0.567915690625 0.833984375 0.58987119375 0.83984375 0.6630562062500001 0.87890625 0.6718384078125 0.896484375 0.6542740046875 0.89453125 0.604508196875 0.8662109375 0.564988290625 0.8388671875 0.567915690625
1 1 0.6894028109375 0.9892578125 0.66159250625 0.9599609375 0.6586651046875 0.951171875 0.6718384078125 0.94921875 0.6923302109375 0.962890625 0.7333138171875 0.9609375 0.7596604218749999 0.9765625 0.7742974234375 0.990234375 0.74502341875 1 0.7391686187500001 1 0.6894028109375
1 0.90234375 0.7479508203125 0.9306640625 0.74063231875 0.955078125 0.7538056203125 0.958984375 0.724531615625 0.9453125 0.683548009375 0.9072265625 0.6762295078125 0.90234375 0.7479508203125
1 0.98828125 0.844555034375 0.984375 0.786007025 0.9326171875 0.74355971875 0.9169921875 0.74355971875 0.8984375 0.7596604218749999 0.888671875 0.8094262296875 0.9091796875 0.8518735359375 0.919921875 0.8035714281249999 0.9345703125 0.796252928125 0.939453125 0.8182084312500001 0.935546875 0.8679742390625 0.94921875 0.8767564406250001 0.9619140625 0.8343091328125001 0.970703125 0.838700234375 0.9755859375 0.8635831375 0.98828125 0.844555034375
1 1 0.5576697890625 0.9775390625 0.5386416859375001 0.9599609375 0.5386416859375001 0.955078125 0.5488875875 0.966796875 0.625 0.982421875 0.6308548015625 0.9833984375 0.6206089 1 0.6191451984375 1 0.5576697890625
6 0.478515625 0.642564403125 0.47265625 0.6894028109375 0.484375 0.724531615625 0.5 0.6981850109375001 0.501953125 0.6513466046875 0.4892578125 0.6235363 0.478515625 0.642564403125
6 0.455078125 0.569379390625 0.458984375 0.6132903984375 0.46875 0.6279274 0.4765625 0.604508196875 0.478515625 0.5605971890625 0.4658203125 0.5415690859375 0.455078125 0.569379390625
6 0.666015625 0.7098946140625 0.654296875 0.7538056203125 0.654296875 0.7889344265625 0.66796875 0.82113583125 0.681640625 0.7889344265625 0.68359375 0.7567330203125 0.6728515625 0.7084309140625 0.666015625 0.7098946140625
6 0.740234375 0.6864754093750001 0.736328125 0.724531615625 0.744140625 0.7508782203125001 0.759765625 0.7420960187500001 0.771484375 0.6864754093750001 0.7607421875 0.6557377046874999 0.740234375 0.6864754093750001
6 0.5390625 0.33811475468749996 0.5390625 0.3761709609375 0.541015625 0.3878805625 0.55078125 0.3937353625 0.556640625 0.3878805625 0.556640625 0.3410421546875 0.5458984375 0.32786885312499997 0.5390625 0.33811475468749996
6 0.630859375 0.3937353625 0.630859375 0.3849531609375 0.62890625 0.3820257609375 0.62890625 0.3644613578125 0.625 0.3586065578125 0.623046875 0.34982435624999997 0.6201171875 0.34543325468749997 0.6181640625 0.34543325468749997 0.607421875 0.3615339578125 0.607421875 0.3966627640625 0.609375 0.39959016406250003 0.611328125 0.414227165625 0.6142578125 0.41861826718749995 0.6220703125 0.41861826718749995 0.623046875 0.4171545671875 0.6259765625 0.4156908671875 0.62890625 0.408372365625 0.62890625 0.3966627640625 0.630859375 0.3937353625
6 0.1552734375 0.570843090625 0.1591796875 0.567915690625 0.162109375 0.5518149890624999 0.154296875 0.5313231843749999 0.1494140625 0.524004684375 0.1416015625 0.524004684375 0.138671875 0.5196135828124999 0.138671875 0.5108313812499999 0.13671875 0.5079039812499999 0.13671875 0.49326697968750005 0.1337890625 0.488875878125 0.1298828125 0.488875878125 0.126953125 0.49326697968750005 0.125 0.50497658125 0.123046875 0.5079039812499999 0.125 0.5459601875 0.115234375 0.5488875875 0.115234375 0.5723067921875 0.1171875 0.5752341921874999 0.1171875 0.58401639375 0.1201171875 0.5913348953125 0.1328125 0.58987119375 0.1396484375 0.5825526937500001 0.1455078125 0.5796252921875 0.1494140625 0.570843090625 0.1552734375 0.570843090625