7 0.12890625 0.2216344171875 0.1162109375 0.1814724765625 0.0517578125 0.1784975171875 0.04296875 0.1889098703125 0.037109373437499996 0.2900584640625 0.08007812656249999 0.30790821562500004 0.0869140625 0.29154594375 0.109375 0.28708350625 0.11523437343750001 0.24245912656250002 0.12890625 0.2216344171875
3 0.2314453125 0.1427980125 0.1640625 0.1680851625 0.1728515625 0.2498965234375 0.2119140625 0.22609685468750002 0.2294921875 0.258821396875 0.2402343734375 0.2573339203125 0.2529296875 0.22609685468750002 0.3203125 0.2335342515625 0.3095703125 0.1457729734375 0.2314453125 0.1427980125
4 0.421875 0.20378466562500003 0.4267578125 0.21717197968750002 0.4873046875 0.22014693749999997 0.5 0.236509209375 0.5 0.2573339203125 0.5234375 0.2781586296875 0.5302734375 0.3093956953125 0.5566406265625 0.31980805 0.5644531265625 0.3049332578125 0.5625 0.260308878125 0.5361328125 0.2022971859375 0.421875 0.20378466562500003
4 0.00390625 0.3019582984375 0.037109373437499996 0.2900584640625 0.0380859375 0.22312189375 0 0.2246093734375 0.00390625 0.3019582984375
6 0.5371093734375 0.3584825125 0.5234375 0.31980805 0.4921875 0.275183671875 0.4921875 0.2454340859375 0.4716796875 0.2379966890625 0.4550781265625 0.3049332578125 0.4746093734375 0.3703823484375 0.4667968734375 0.4417813546875 0.4814453125 0.46409354374999995 0.5029296875 0.4581436265625 0.5263671875 0.5057429640625 0.5410156265625 0.5042554828125 0.5546875 0.47748085781249994 0.5546875 0.44773127187500006 0.5390625 0.4060818515625 0.5371093734375 0.3584825125
6 0.46875 0.3674073875 0.4140625 0.2811335890625 0.4082031265625 0.23948416875 0.3818359375 0.235021728125 0.3730468734375 0.2454340859375 0.3808593734375 0.2811335890625 0.37109375 0.3019582984375 0.3808593734375 0.3941820171875 0.37109375 0.3971569734375 0.3691406265625 0.4328564765625 0.37890625 0.4923556484375 0.3916015625 0.514667840625 0.4345703125 0.499793046875 0.4472656265625 0.542929946875 0.46875 0.5578047390624999 0.48046875 0.5310301125 0.4765625 0.47748085781249994 0.4609375 0.43880639375 0.46875 0.3674073875
6 0.3105468734375 0.4090568078125 0.3027343734375 0.38525713906250003 0.3105468734375 0.3703823484375 0.2763671875 0.3093956953125 0.2636718734375 0.3049332578125 0.2597656265625 0.2692337546875 0.2529296875 0.2617963578125 0.2392578125 0.2617963578125 0.2285156265625 0.2781586296875 0.234375 0.31385813281249997 0.2167968734375 0.331707884375 0.2167968734375 0.3495576359375 0.2109375 0.36145747031250003 0.2128906265625 0.379307221875 0.2285156265625 0.3941820171875 0.23046875 0.4536811890625 0.23046875 0.47748085781249994 0.2197265625 0.4730184171875 0.21484375 0.4804558140625 0.2431640625 0.538467509375 0.2568359375 0.55036734375 0.2783203125 0.538467509375 0.29296875 0.5935042421875 0.3017578125 0.6039165953125 0.3144531265625 0.60242911875 0.3222656265625 0.5816044078125 0.3222656265625 0.5369800296875 0.3144531265625 0.49830556562500006 0.3105468734375 0.4090568078125
6 0.35546875 0.331707884375 0.3515625 0.3019582984375 0.3417968734375 0.2811335890625 0.33203125 0.2722087125 0.33203125 0.2573339203125 0.328125 0.2454340859375 0.3251953125 0.24097164843750002 0.3154296875 0.24097164843750002 0.3125 0.2454340859375 0.3125 0.2722087125 0.3027343734375 0.284108546875 0.296875 0.298983340625 0.296875 0.32278300937500004 0.3046875 0.346582678125 0.3076171875 0.35104511562499996 0.3134765625 0.3421202390625 0.31640625 0.346582678125 0.3144531265625 0.36145747031250003 0.3183593734375 0.3674073875 0.3183593734375 0.379307221875 0.3144531265625 0.3882321 0.3222656265625 0.415006725 0.3144531265625 0.4328564765625 0.3173828125 0.4402938734375 0.3291015625 0.4492187484375 0.3486328125 0.44624379062499997 0.359375 0.4626060625 0.359375 0.4417813546875 0.3691406265625 0.42393160312499995 0.3671875 0.3644324296875 0.35546875 0.331707884375
6 0.6162109375 0.838938328125 0.6826171875 0.8448882453125 0.6962890625 0.80621378125 0.7099609375 0.8151386593750001 0.7197265625 0.80621378125 0.7324218734375 0.8523256421875001 0.7207031265625 0.9088498546875 0.7314453125 0.9192622125 0.7470703125 0.913312290625 0.7597656265625 0.8731503515625001 0.75390625 0.8285259734375 0.79296875 0.789851509375 0.8066406265625 0.715477546875 0.8193359375 0.7020902312499999 0.8408203125 0.7169650265625 0.84375 0.694652834375 0.8613281265625 0.6857279609375 0.84765625 0.5607796984375 0.82421875 0.5131803609375 0.8261718734375 0.4447563109375 0.81640625 0.3941820171875 0.8076171875 0.371869828125 0.78125 0.355507553125 0.78125 0.31385813281249997 0.7685546875 0.2855960265625 0.7509765625 0.282621065625 0.7363281265625 0.298983340625 0.7353515625 0.374844784375 0.70703125 0.3584825125 0.70703125 0.31385813281249997 0.6904296875 0.2885709875 0.6455078125 0.3093956953125 0.6386718734375 0.3257579671875 0.65625 0.33765780156249997 0.6542968734375 0.3882321 0.6357421875 0.3926945359375 0.6230468734375 0.41203176875 0.6269531265625 0.47748085781249994 0.6025390625 0.514667840625 0.5712890625 0.523592715625 0.5371093734375 0.5756544906250001 0.5253906265625 0.670853165625 0.5537109375 0.6812655234375 0.5527343734375 0.7125025859375 0.4902343734375 0.75415200625 0.4667968734375 0.8255510125000001 0.46484375 0.9028999375 0.4931640625 0.9728114640625 0.54296875 0.9891737390625 0.5654296875 0.978761384375 0.5917968734375 0.9415744 0.6074218734375 0.9028999375 0.6162109375 0.838938328125
6 0.99609375 0.38525713906250003 0.9824218734375 0.3674073875 0.9785156265625 0.33765780156249997 0.9667968734375 0.31088317499999996 0.9697265625 0.30047082187499996 0.9814453125 0.303445778125 0.9824218734375 0.29600838125 0.9541015625 0.2766711515625 0.9433593734375 0.2543589609375 0.9472656265625 0.236509209375 0.9453125 0.2246093734375 0.9404296875 0.21717197968750002 0.9306640625 0.21717197968750002 0.9238281265625 0.227584334375 0.9238281265625 0.24840904375 0.9082031265625 0.2722087125 0.9082031265625 0.31385813281249997 0.9033203125 0.3183205703125 0.8896484375 0.3153456125 0.8828125 0.32278300937500004 0.8828125 0.33468284375 0.8886718734375 0.34360771875 0.88671875 0.3822821828125 0.890625 0.40013193437499994 0.9072265625 0.419469165625 0.9169921875 0.419469165625 0.9248046875 0.40756933125000006 0.9501953125 0.41054428749999994 0.9619140625 0.40161941093750003 0.9667968734375 0.4179816859375 0.9736328125 0.422444121875 0.9833984375 0.443268834375 0.9941406265625 0.4447563109375 0.9980468734375 0.4358314375 0.9980468734375 0.42095664218750006 0.9921875 0.40013193437499994 0.99609375 0.38525713906250003
6 0.14453125 0.28708350625 0.1425781265625 0.2662587953125 0.13671875 0.2543589609375 0.1347656265625 0.24245912656250002 0.1279296875 0.23204677187499997 0.1240234375 0.23204677187499997 0.11914062656249999 0.24245912656250002 0.11914062656249999 0.251384003125 0.109375 0.2692337546875 0.109375 0.275183671875 0.1171875 0.2930334234375 0.1171875 0.346582678125 0.11914062656249999 0.3495576359375 0.1201171875 0.35996999375 0.1337890625 0.3569950328125 0.1396484375 0.36294495000000004 0.14453125 0.36145747031250003 0.1464843734375 0.3495576359375 0.1503906265625 0.34360771875 0.1484375 0.29600838125 0.14453125 0.28708350625
6 0.2109375 0.379307221875 0.2109375 0.3406327609375 0.2197265625 0.324270490625 0.2294921875 0.3183205703125 0.2324218734375 0.30790821562500004 0.2265625 0.284108546875 0.2128906265625 0.2692337546875 0.2128906265625 0.2454340859375 0.2080078125 0.2379966890625 0.1962890625 0.2379966890625 0.1894531265625 0.251384003125 0.19140625 0.2662587953125 0.1796875 0.284108546875 0.171875 0.31088317499999996 0.171875 0.331707884375 0.1767578125 0.33914528125 0.1875 0.34360771875 0.1875 0.4328564765625 0.19921875 0.4358314375 0.19921875 0.4060818515625 0.2021484375 0.4045943703125 0.2050781265625 0.4536811890625 0.2109375 0.45963110625 0.2109375 0.47450589687500005 0.21484375 0.47450589687500005 0.2167968734375 0.44773127187500006 0.2246093734375 0.4328564765625 0.2265625 0.40013193437499994 0.2109375 0.379307221875