7 0.5165798609375 0.7582272375 0.5302517359375 0.7235050140625 0.5286773984375001 0.7066173874999999 0.5310763890625 0.668682484375 0.53019255 0.6231157046875 0.529434975 0.608300890625 0.5302517359375 0.5915605703125 0.5253689234375 0.5828800140625 0.5077907984375 0.5794077921875 0.5038845484375 0.5724633484375 0.41013454843749997 0.5169077921875 0.39841579843749997 0.5238522375 0.39646267343749997 0.534268903125 0.38865017343749997 0.5377411249999999 0.38181423593749997 0.5325327921875 0.38767361093749997 0.5221161249999999 0.38669704843749997 0.5134355703125 0.3796875 0.50818865625 0.32029079843749997 0.5863522375 0.30954861093749997 0.60892168125 0.31150173593749997 0.6471161249999999 0.33103298593749997 0.667949459375 0.33298611093749997 0.6957272375 0.33982204843749997 0.7078800140625 0.34913194375 0.7155960640625 0.3595486109375 0.7143614953124999 0.36325954843749997 0.7009355703125 0.37302517343749997 0.7009355703125 0.38279079843749997 0.7078800140625 0.39548611093749997 0.7235050140625 0.39548611093749997 0.73392168125 0.40427517343749997 0.746074459375 0.41794704843749997 0.746074459375 0.43747829843749997 0.7946855703125 0.44427083281249996 0.7995466812500001 0.45310329843749997 0.8016300140625001 0.4609375 0.7983121140625 0.46872829843749997 0.784268903125 0.48285047812500004 0.809375 0.486008028125 0.809375 0.48825954843749997 0.808574459375 0.5165798609375 0.7582272375
4 0.63438091875 0.797309028125 0.61582623125 0.7573784703124999 0.57871685625 0.712239584375 0.53379498125 0.6705729171875 0.51426373125 0.6740451390625 0.49668560624999997 0.6636284703124999 0.47910748124999997 0.6705729171875 0.45762310624999997 0.69140625 0.44297466874999997 0.7139756953124999 0.4375 0.739929678125 0.4375 0.744371215625 0.44257220625000004 0.77888520625 0.45176373124999997 0.7886284703124999 0.45664654374999997 0.7834201390625 0.45762310624999997 0.774739584375 0.46543560624999997 0.774739584375 0.48008404374999997 0.797309028125 0.48203716874999997 0.8216145828125001 0.49082623124999997 0.8372395828125001 0.52988873125 0.8823784703124999 0.5357540249999999 0.9189525453125 0.5433297828125 0.9189525453125 0.544844934375 0.9081781359375001 0.54941998125 0.8962673593750001 0.55723248125 0.8962673593750001 0.56699810625 0.8823784703124999 0.57676373125 0.8823784703124999 0.58945904375 0.9223090265625 0.5926328734374999 0.9234375 0.5948301375 0.9234375 0.61387310625 0.8997395828125001 0.6421875 0.8549151078125 0.6421875 0.8508864656249999 0.64181463125 0.8475720750000001 0.63438091875 0.797309028125
4 0.6515151515625 0.5629629625 0.650390625 0.5538194437499999 0.65 0.5400673406250001 0.6435546875 0.53125 0.6393939390625001 0.5252525265625 0.6357421875 0.5208333328125 0.6181640625 0.5069444437499999 0.5966796875 0.503472221875 0.5830078125 0.5104166671875 0.5634765625 0.5381944437499999 0.5390625 0.5850694437499999 0.5333333328125 0.6020202015625 0.53515625 0.6267361109375 0.5400390625 0.6354166671875 0.5484848484375 0.653198653125 0.5673828125 0.6631944437499999 0.595703125 0.6614583328125 0.6045454546875 0.653198653125 0.62109375 0.6197916671875 0.6259765625 0.6041666671875 0.638671875 0.5954861109375 0.64453125 0.578125 0.6515151515625 0.5629629625
4 0.4492424234375 1 0.453125 0.984375 0.458984375 0.9357638890625 0.4515151515625 0.896969696875 0.4287109375 0.8541666671874999 0.41363636406250004 0.8323232328125 0.4007575765625 0.8309764312500001 0.3837890625 0.8333333328125001 0.3662109375 0.847222221875 0.3291015625 0.8541666671874999 0.3095703125 0.8645833328125001 0.2080078125 0.9513888890625 0.169921875 0.9947916671874999 0.193359375 0.9982638890625 0.427272728125 1 0.4492424234375 1
4 0.09375 0.9010416671874999 0.0751953125 0.875 0.0009765625 0.871527778125 0 0.9947916671874999 0.0029296875 1 0.0234375 0.9982638890625 0.0751953125 0.996527778125 0.0859375 0.9670138890625 0.0859375 0.953125 0.099609375 0.9392361109375 0.099609375 0.918402778125 0.09375 0.9010416671874999
4 0.699609375 0.4321875015625 0.6601302078125 0.368784721875 0.6341796875 0.374895834375 0.6126953125 0.38878472343750003 0.6078125 0.397465278125 0.605859375 0.42871527656249997 0.614296875 0.451747684375 0.65078125 0.5259375015625001 0.6553515515624999 0.5265625 0.6653515640625 0.5265625 0.6751953125 0.5207291656249999 0.6959635421875 0.5035995359375 0.7064453125 0.4964236125 0.709375 0.48704861250000003 0.709375 0.46711004375 0.7092968749999999 0.4665625015625 0.699609375 0.4321875015625
4 0.740234375 0.3142361109375 0.7373046875 0.30555555624999997 0.7041015625 0.2951388890625 0.693359375 0.32118055624999997 0.6858333328125 0.343703703125 0.685546875 0.3732638890625 0.6982421875 0.3854166671875 0.708984375 0.38715277812500004 0.7119140625 0.37847222187499996 0.7197265625 0.37847222187499996 0.7216796875 0.37152777812500004 0.7375 0.376296296875 0.740234375 0.359375 0.740234375 0.3142361109375
7 0.7232552078125 0.230902778125 0.715625 0.24 0.723125 0.29185185156250004 0.728125 0.2681481484375 0.7514583328125 0.297777778125 0.759236690625 0.315625 0.7596614578125 0.315625 0.7730598953125 0.2986111109375 0.790625 0.297777778125 0.7877083328125 0.25868055624999997 0.7798958328125 0.230902778125 0.7674826375 0.215625 0.7412890625 0.215625 0.7261848953125 0.22569444375 0.7232552078125 0.230902778125
4 0.872265625 0.320046296875 0.821484375 0.281851853125 0.8075130203124999 0.276157409375 0.7921875 0.281851853125 0.7766796874999999 0.2909722234375 0.7677734375 0.30789351875 0.7658463546875 0.3250462953125 0.7658203125 0.3321990734375 0.7658203125 0.3426157421875 0.7716796875 0.368009259375 0.794140625 0.3617129625 0.8234375 0.375601853125 0.833203125 0.37212963125 0.8439453125 0.3808101859375 0.8497598921874999 0.3875 0.8505759218750001 0.3875 0.8466796875 0.3694907421875 0.8450130203124999 0.3383796296875 0.8525130203125 0.3280092609375 0.8566796875 0.3457870390625 0.86640625 0.3790740734375 0.8796875 0.36805555624999997 0.8796875 0.349907409375 0.8791015625 0.3426157421875 0.872265625 0.320046296875
7 0.897278646875 0.261738040625 0.8900564234375 0.25679976875 0.8900564234375 0.261738040625 0.8883897578125 0.25976273125 0.8561675359375001 0.28247878125 0.8456119781250001 0.2706269296875 0.82422743125 0.2777874234375 0.82129774375 0.2899402015625 0.82715711875 0.310773534375 0.83692274375 0.3246624234375 0.83887586875 0.33855131250000003 0.84668836875 0.33855131250000003 0.84473524375 0.317717978125 0.84082899375 0.31424575625 0.85938368125 0.29167631250000003 0.8800564234375001 0.2735898921875 0.89450086875 0.2726022375 0.90625 0.28095717656249997 0.90625 0.27715316562500003 0.9028342 0.2686516203125 0.897278646875 0.261738040625
7 0.947265625 0.22743055625 0.9333333328125001 0.212345678125 0.9189453125 0.20486111093749998 0.9072265625 0.20486111093749998 0.9 0.2083950625 0.8896484375 0.20833333281250002 0.876953125 0.234375 0.875 0.25868055624999997 0.8779296875 0.2638888890625 0.8935546875 0.2604166671875 0.9072265625 0.27430555624999997 0.9189453125 0.27777777812500004 0.921875 0.29340277812500004 0.927734375 0.29340277812500004 0.93444444375 0.289382715625 0.9404296875 0.28125 0.947265625 0.26909722187499996 0.947265625 0.25868055624999997 0.951171875 0.2517361109375 0.947265625 0.22743055625
6 0.0771484375 0.8368055562500001 0.0693359375 0.809027778125 0.0478515625 0.7986111109375 0.0439453125 0.809027778125 0.0341796875 0.809027778125 0.0302734375 0.815972221875 0.02734375 0.8107638890625 0.0234375 0.79444444375 0.017578125 0.7829861109375 0.017578125 0.7725694437499999 0.0348958328125 0.75 0.0317708328125 0.7388888890625 0.0166666671875 0.752777778125 0.0068359375 0.7569444437499999 0 0.765625 0.0005208328124999999 0.8462962968750001 0 0.859259259375 0.0026041671875 0.871296296875 0.0693359375 0.871527778125 0.0849609375 0.8854166671874999 0.09375 0.8836805562500001 0.1 0.8759259265624999 0.1015625 0.8663194437499999 0.099609375 0.8524305562500001 0.09322916718749999 0.840740740625 0.0849609375 0.8368055562500001 0.0771484375 0.8368055562500001
6 0.0474609375 0.6251736109375 0.0399739578125 0.6335069437499999 0.034765625 0.6546875 0.0328125 0.7032986109375 0.03671875 0.7206597218749999 0.0446614578125 0.717766203125 0.0558129890625 0.721875 0.05751953125 0.721875 0.06015625 0.7171875 0.0640625 0.69288194375 0.0640625 0.6477430546875 0.0552734375 0.6251736109375 0.0474609375 0.6251736109375
6 0.124609375 0.996672453125 0.1470703125 0.9984085640625 0.1529296875 0.9949363421875 0.1568359375 0.9532696749999999 0.1548828125 0.9428530078125 0.1763671875 0.8629918968749999 0.175390625 0.8543113421875 0.165625 0.8543113421875 0.16061197968750002 0.8390335640625001 0.1512369796875 0.8381076375 0.148046875 0.85083911875 0.1356119796875 0.8510706015625 0.128515625 0.8543113421875 0.1246744796875 0.86866319375 0.1179036453125 0.8677372671875 0.1142578125 0.8834780078125 0.1168619796875 0.8908854156249999 0.1111328125 0.9362557859375 0.12102864531249999 0.947366896875 0.12265625 0.9237557859375001 0.1275390625 0.92896411875 0.1216796875 0.96021411875 0.1216796875 0.99146411875 0.124609375 0.996672453125
6 0.2140625 0.7982349531249999 0.1896484375 0.7964988421875 0.1935546875 0.7444155109375 0.1878255203125 0.7311053234375 0.1876953125 0.7270544 0.18990885468750002 0.7190682859375 0.1828125 0.7114294 0.17532552031249998 0.7153645828124999 0.1779296875 0.7305266203125 0.1591796875 0.754253471875 0.130078125 0.76351273125 0.1251953125 0.7721932859375 0.126171875 0.7912905109375 0.1125 0.7912905109375 0.1017578125 0.806915509375 0.1056640625 0.84163773125 0.11640625 0.8503182859375 0.12421875 0.8503182859375 0.1349609375 0.8346932859375 0.1359375 0.8086516203125 0.1408203125 0.838165509375 0.1435546875 0.8449942140625 0.1763671875 0.8468460640625001 0.180859375 0.8364293999999999 0.190625 0.8329571765624999 0.20188802031250003 0.85054976875 0.2055338546875 0.85054976875 0.2131388359375 0.853125 0.215625 0.853125 0.215625 0.8028645828125001 0.2140625 0.7982349531249999
6 0.54984611875 1 0.551210171875 0.99555419375 0.524739584375 0.9624387249999999 0.5178385421875 0.922222221875 0.5051432296875 0.8857638890624999 0.49733072968750003 0.8822916656249999 0.48951822968750003 0.8961805546875 0.47779947968750003 0.899652778125 0.47291666718750003 0.91875 0.46119791718750003 0.9395833328125001 0.46315104218750003 0.95694444375 0.47682291718750003 0.98125 0.47682291718750003 0.98819444375 0.457582721875 0.9903254359375 0.45660232812499996 0.9972971125000001 0.4678768390625 0.9990400328125 0.48756510468750003 0.996875 0.49322801875 1 0.498935353125 1 0.5002297796875 0.9999114921875 0.5197916671875 0.9986111109375001 0.54375000625 1 0.54984611875 1
6 0.6235906859375 0.836254084375 0.6186887249999999 0.8162105125 0.6172181375 0.7970383984375 0.6122434125 0.7913194453125 0.6044309125 0.773958334375 0.6005246625 0.773958334375 0.5961397046875 0.776123365625 0.5966184125 0.7982638890625 0.5882965687499999 0.7944240203125 0.5833946078125 0.7944240203125 0.580943628125 0.8022671578124999 0.5765318625 0.8249251093750001 0.5819240203125 0.8353826249999999 0.5917356 0.8625 0.5917356 0.8833333343750001 0.6307981 0.9354166671874999 0.6316770046875 0.9359375 0.6343263375 0.9359375 0.640625 0.923148878125 0.640625 0.9006928421874999 0.6386106 0.8763888890624999 0.6235906859375 0.836254084375
6 0.72265625 0.9296909031249999 0.7265625 0.9019131265624999 0.72265625 0.8810797921875 0.73046875 0.8741353484375001 0.729411765625 0.8461873640625001 0.7352941171875 0.8522875828125 0.7343137265624999 0.8444444437499999 0.7299019609374999 0.8392156859375 0.7265625 0.8151075703125 0.7236328125 0.8098992375 0.7161764703125 0.808714596875 0.7138671875 0.8203159031249999 0.7029411765625 0.8191721125000001 0.6982421875 0.813371459375 0.6953125 0.8185797921875 0.703125 0.8463575703125 0.681640625 0.9053853484375001 0.67578125 0.9088575703125 0.67578125 0.9158020140625001 0.6826171875 0.9279547921875 0.689453125 0.92621868125 0.689453125 0.9366353484375001 0.6953125 0.9470520140625001 0.6953125 0.9644131265624999 0.69921875 0.9678853484375001 0.705882353125 0.9586056656249999 0.7138671875 0.9522603484375001 0.7177734375 0.94184368125 0.7236328125 0.9453159031249999 0.7265625 0.9401075703125 0.72265625 0.9296909031249999
6 0.653564453125 1 0.6546875 0.9980034734375 0.6546875 0.9723090296875 0.6447265625 0.9427951390624999 0.6427734375 0.9184895843750001 0.633984375 0.8993923625000001 0.62421875 0.8924479171874999 0.6129480703125 0.9168624046874999 0.604124540625 0.9273199218749999 0.602734375 0.93758680625 0.594921875 0.941059028125 0.5919921875 0.9497395843750001 0.6168696390624999 0.9979081578125 0.6258122671875 1 0.653564453125 1
6 0.69729243125 0.769476784375 0.6822801765625 0.7482417625 0.6861864265625 0.7204639828125 0.6832567390625 0.7152556515625 0.6734911140625 0.718727871875 0.6678806671874999 0.6997600078125 0.6656786140625 0.7013667625 0.6617723640625 0.7013667625 0.6588426765625 0.7065750937499999 0.659547334375 0.7259038 0.6529833015625 0.741297315625 0.6529833015625 0.7482417625 0.6627489265625 0.7690750937499999 0.6647020515625 0.814213984375 0.6757238046875 0.8304789625 0.6884491671874999 0.84375 0.6920209078124999 0.84375 0.6939989265625 0.8419917609375001 0.6979051765625 0.8246306515624999 0.6997434109375 0.818278525 0.6998583015625 0.8072695390625 0.7 0.8061746281250001 0.7 0.780529184375 0.6998583015625 0.7794917625 0.69729243125 0.769476784375
6 0.640625 0.6197916671875 0.640196078125 0.603050109375 0.6318359375 0.6041666671875 0.6279411765625 0.622222221875 0.611328125 0.644097221875 0.611328125 0.6649305562500001 0.615234375 0.671875 0.615234375 0.6822916671875 0.6337890625 0.7048611109375 0.642578125 0.734375 0.646484375 0.734375 0.653431371875 0.7302832234375 0.654296875 0.699652778125 0.650390625 0.6822916671875 0.642578125 0.671875 0.64453125 0.6267361109375 0.640625 0.6197916671875
6 0.658203125 0.675347221875 0.654296875 0.6927083328125 0.6728515625 0.7118055562500001 0.6796875 0.7100694437499999 0.689453125 0.6961805562500001 0.69460784375 0.68148148125 0.689453125 0.6649305562500001 0.6787109375 0.6493055562500001 0.6689453125 0.65625 0.658203125 0.675347221875
6 0.732421875 0.6961805562500001 0.7299019609374999 0.6666666671875 0.728515625 0.6545138890625 0.73046875 0.637152778125 0.7357843140625 0.630065359375 0.7416666671875001 0.628322440625 0.7357843140625 0.6117647046875 0.7313725484375 0.618736384375 0.7294921875 0.628472221875 0.7236328125 0.625 0.7245098046875 0.612636165625 0.720588234375 0.6056644875 0.7147058828125 0.604793028125 0.712890625 0.612847221875 0.71484375 0.6232638890625 0.7099609375 0.625 0.705078125 0.637152778125 0.705078125 0.6579861109375 0.69921875 0.668402778125 0.6953125 0.6927083328125 0.6970588234374999 0.70849673125 0.6970588234374999 0.723311546875 0.7021484375 0.7395833328125 0.708984375 0.737847221875 0.71875 0.7204861109375 0.71875 0.6961805562500001 0.7216796875 0.6875 0.7259803921875 0.7337690640625001 0.73046875 0.7274305562500001 0.732421875 0.6961805562500001
6 0.7529411765625 0.8069716765624999 0.754411765625 0.75904139375 0.763725490625 0.75555555625 0.7647058828125 0.7433551203125 0.7656862734375001 0.73202614375 0.76171875 0.706597221875 0.7700980390625001 0.698910675 0.767578125 0.6927083328125 0.7646484375 0.684027778125 0.7587890625 0.6805555562500001 0.753431371875 0.6849673203125 0.7509765625 0.6944444437499999 0.732421875 0.6961805562500001 0.73828125 0.7100694437499999 0.734375 0.7274305562500001 0.7171568625 0.7494553374999999 0.7078431375 0.76688453125 0.705882353125 0.7808278875 0.7068627453125 0.8061002171875 0.7119140625 0.809027778125 0.716796875 0.8072916671874999 0.72107843125 0.7982570796874999 0.7259803921875 0.8069716765624999 0.73676470625 0.8043572984375 0.7426470593750001 0.8104575171875 0.745588234375 0.8122004359374999 0.7529411765625 0.8069716765624999
6 0.7809512875 0.8696078437500001 0.787787225 0.8678717328125 0.7965762875 0.8522467328125 0.786818321875 0.8285743468750001 0.7829044125 0.8140522875 0.7731387875 0.8036356203125001 0.7731387875 0.7723856203125 0.756537225 0.7671772875 0.756426165625 0.7553717328125 0.7510340078125 0.7501429734375 0.7451516546875 0.7553717328125 0.742700675 0.7736723859375 0.7377987140625 0.7867442812500001 0.7379825375 0.8001633984375 0.7477481625 0.8105800656250001 0.7516544125 0.8626633984375 0.7575137875 0.880024509375 0.7608379296875001 0.898291121875 0.76819086875 0.8939338234375 0.7750919125 0.8973856203125001 0.7768669578125 0.8984375 0.778252528125 0.8984375 0.7809512875 0.8904411765625 0.7809512875 0.8696078437500001
6 0.799505209375 0.6756076390625 0.794895834375 0.66914930625 0.7990625 0.6610011578125 0.7982291671875 0.649890046875 0.7861458328125 0.6572974546875 0.781145834375 0.64914930625 0.7757291671875 0.644704859375 0.770208334375 0.647829859375 0.7682291671875 0.66618634375 0.765729165625 0.6817418984375 0.769479165625 0.70618634375 0.774895834375 0.706927084375 0.7753125 0.7358159734374999 0.778020834375 0.7589409734375 0.781927084375 0.7624131953125 0.788763021875 0.7502604171875 0.792669271875 0.7502604171875 0.798492025 0.7640625 0.8024837249999999 0.7640625 0.8078125 0.7545891218749999 0.8078125 0.7103452921875 0.8034114593749999 0.6999131953125 0.799505209375 0.6756076390625
6 0.83125 0.70148148125 0.8279166671875 0.682222221875 0.8300000000000001 0.6703703703125 0.8383333328125 0.6629629625 0.8370833328125 0.6503703703125 0.8295833328125 0.643703703125 0.8345833328125 0.636296296875 0.8304166671875001 0.6244444437500001 0.8241666671875001 0.6244444437500001 0.8204166671875001 0.636296296875 0.8162499999999999 0.6340740734375 0.8116666671875 0.64444444375 0.8058333328125 0.640740740625 0.806640625 0.6545138890625 0.810546875 0.6892361109375 0.8046875 0.706597221875 0.8046875 0.730902778125 0.80859375 0.7552083328125 0.8125 0.7552083328125 0.8195833328125 0.736296296875 0.82125 0.7503703703125 0.8258333328124999 0.7511111109375 0.82875 0.74444444375 0.8266666671875 0.7259259265625 0.83125 0.70148148125
6 0.8583984375 0.7430555562500001 0.85546875 0.7482638890625 0.8515625 0.769097221875 0.8515625 0.796875 0.857421875 0.796875 0.8603515625 0.7916666671875 0.8681640625 0.7951388890625 0.873046875 0.7864583328125 0.87890625 0.7552083328125 0.8759765625 0.746527778125 0.8583984375 0.7430555562500001