4 0.684521484375 1 0.6873046875 0.9950520828125 0.6794921875 0.9638020828125 0.684375 0.9551215281250001 0.6921875 0.9516493046875001 0.696875 0.9399826390625 0.696875 0.93914930625 0.690234375 0.92734375 0.678515625 0.92734375 0.67265625 0.9412326390624999 0.6580078125 0.8839409734375 0.643359375 0.86484375 0.561328125 0.86484375 0.5505859375 0.8735243046875001 0.5359375 0.92734375 0.5203125 0.9308159734375 0.515625 0.93914930625 0.515625 0.9467881953124999 0.5251953125 0.9638020828125 0.5212890625 0.9985243046875001 0.6599120796875 1 0.684521484375 1
4 0.905712890625 1 0.90859375 0.9948784734375 0.906640625 0.9636284734375 0.9125 0.9506076406249999 0.9125 0.9442832359375 0.90078125 0.9323784734375 0.8783203125 0.8681423625000001 0.8392578125 0.8611979171874999 0.7904296875 0.8646701390624999 0.7748046875 0.8716145843750001 0.7640625 0.894184028125 0.758203125 0.925434028125 0.746484375 0.96015625 0.746484375 0.9983506953125 0.8977050140625 1 0.905712890625 1
4 0.640625 0.800347221875 0.6318359375 0.7916666671875 0.6162109375 0.7881944437499999 0.5517578125 0.7916666671875 0.533203125 0.8454861109375 0.525390625 0.8524305562500001 0.529296875 0.859375 0.52734375 0.8732638890625 0.5234375 0.8767361109375 0.5234375 0.921875 0.5322265625 0.9236111109375 0.5361328125 0.9305555562500001 0.541015625 0.9288194437499999 0.5546875 0.8802083328125001 0.5615234375 0.8680555562500001 0.5849609375 0.8611111109375 0.6533203125 0.8645833328125001 0.65625 0.855902778125 0.640625 0.800347221875
4 0.771875 0.7692708328125 0.7650390625 0.7571180546875 0.7142578125 0.7501736109375 0.6751953125 0.760590278125 0.668359375 0.776215278125 0.6849609375 0.7883680546875 0.69375 0.8109375 0.70546875 0.88038194375 0.70546875 0.9289930546875 0.71328125 0.94288194375 0.71328125 0.9532986109375001 0.734863284375 0.95625 0.7442382765625 0.95625 0.7572265625 0.9550347218749999 0.7650390625 0.92725694375 0.7748046875 0.9237847218749999 0.7796875 0.9151041671875 0.777734375 0.838715278125 0.785546875 0.8352430546875 0.7875 0.8265625 0.7875 0.815104165625 0.7796875 0.8039930546875 0.771875 0.7692708328125
4 0.7626953125 0.753472221875 0.767578125 0.7482638890625 0.765625 0.734375 0.759765625 0.7170138890625 0.7490234375 0.6979166671875 0.7431640625 0.6944444437499999 0.6591796875 0.6979166671875 0.64453125 0.730902778125 0.642578125 0.7482638890625 0.630859375 0.769097221875 0.634765625 0.7760416671875 0.634765625 0.7864583328125 0.6494140625 0.8194444437499999 0.662109375 0.8211805562500001 0.6689453125 0.8055555562500001 0.677734375 0.800347221875 0.685546875 0.765625 0.6904296875 0.7569444437499999 0.7138671875 0.75 0.7626953125 0.753472221875
4 0.5185546875 0.8506944437499999 0.5283203125 0.8541666671874999 0.5498046875 0.7916666671875 0.5849609375 0.7881944437499999 0.587890625 0.7829861109375 0.5771484375 0.7569444437499999 0.5615234375 0.75 0.5087890625 0.75 0.4921875 0.765625 0.484375 0.793402778125 0.482421875 0.8142361109375 0.474609375 0.831597221875 0.474609375 0.862847221875 0.4765625 0.9427083328125001 0.4873046875 0.972222221875 0.494140625 0.9704861109375 0.5009765625 0.9513888890625 0.515625 0.9427083328125001 0.51171875 0.9010416671874999 0.517578125 0.890625 0.51171875 0.859375 0.5185546875 0.8506944437499999
4 0.5814453125 0.663541665625 0.5658203125 0.66006944375 0.5248046875 0.66006944375 0.5111328125 0.6670138890625 0.50234375 0.703472221875 0.492578125 0.7138888890625 0.49453125 0.7173611109375 0.488671875 0.73125 0.484765625 0.7625 0.484765625 0.7833333328125 0.4935546921875 0.784375 0.49958147343750003 0.784375 0.5052734375 0.7607638890625 0.5248046875 0.750347221875 0.5853515625 0.750347221875 0.5912109375 0.757291665625 0.6029296875 0.75381944375 0.6046875 0.7486111109375 0.6046875 0.737222221875 0.59609375 0.679166665625 0.5814453125 0.663541665625
4 0.8458984375 0.6197916671875 0.8341796875 0.6302083328125 0.8380859375 0.644097221875 0.8380859375 0.6822916671875 0.844921875 0.6875 0.8498046875 0.6649305562500001 0.856640625 0.659722221875 0.8634765625 0.668402778125 0.8654296875 0.6927083328125 0.8751953125 0.706597221875 0.8751953125 0.7135416671875 0.883984375 0.7291666671875 0.8986328125 0.734375 0.9100585953125 0.7359375 0.9114648437499999 0.7359375 0.9181640625 0.7274305562500001 0.9201171875 0.6822916671875 0.9279296875 0.6614583328125 0.9298828125 0.644097221875 0.9359375 0.6333333328124999 0.9359375 0.6216145828124999 0.9298828125 0.5920138890625 0.917328559375 0.5765625 0.869921875 0.5765625 0.8546875 0.5833333328125 0.8458984375 0.6197916671875
4 0.609375 0.605902778125 0.5966796875 0.5833333328125 0.5498046875 0.5833333328125 0.5615234375 0.628472221875 0.5791015625 0.6319444437499999 0.587890625 0.644097221875 0.59765625 0.6961805562500001 0.609375 0.706597221875 0.609375 0.7274305562500001 0.60546875 0.737847221875 0.60546875 0.7482638890625 0.609375 0.7552083328125 0.607421875 0.7586805562500001 0.6103515625 0.7638888890625 0.615234375 0.762152778125 0.619140625 0.7517361109375 0.62109375 0.7204861109375 0.619140625 0.6579861109375 0.626953125 0.6336805562500001 0.6142578125 0.625 0.609375 0.605902778125
4 0.6857421875 0.39097222187499997 0.680859375 0.382291665625 0.669140625 0.37534722187499997 0.626171875 0.37881944375 0.6173828125 0.39097222187499997 0.6154296875 0.4118055546875 0.645703125 0.41354166562500005 0.6544921875 0.41875 0.6623046875 0.446527778125 0.6701171875 0.45347222187499997 0.6681640625 0.48472222187499997 0.6740234375 0.4986111109375 0.6701171875 0.5055555546875 0.6837890625 0.5368055546875 0.685742190625 0.5375 0.6892578125 0.5375 0.6935546875 0.5298611109375 0.69375 0.5270833328125 0.69375 0.4427083328125 0.6935546875 0.4361111109375 0.6857421875 0.39097222187499997
4 0.1142578125 0.5729166671875 0.1376953125 0.5833333328125 0.140625 0.578125 0.138671875 0.550347221875 0.1298828125 0.527777778125 0.0556640625 0.527777778125 0.03515625 0.5607638890625 0.0244140625 0.59375 0.0205078125 0.5833333328125 0.015625 0.5885416671875 0.015625 0.5954861109375 0.0234375 0.605902778125 0.013671875 0.640625 0.009765625 0.6961805562500001 0.01171875 0.7204861109375 0.0166015625 0.7291666671875 0.0234375 0.7274305562500001 0.02734375 0.7135416671875 0.0361328125 0.7083333328125 0.0390625 0.699652778125 0.046875 0.5885416671875 0.0556640625 0.5729166671875 0.1142578125 0.5729166671875
4 0.18134765625 0.5973090265625001 0.17060546875 0.619878471875 0.16474609375 0.658072915625 0.159375 0.670804396875 0.159375 0.679484953125 0.16474609375 0.7622395828124999 0.16865234375 0.7691840265625001 0.189599634375 0.7703125 0.203955071875 0.7703125 0.21845703125 0.767447915625 0.22138671875 0.7622395828124999 0.21748046875 0.720572915625 0.21748046875 0.6476562484375 0.221875 0.59609375 0.221875 0.590625 0.2001464828125 0.590625 0.18134765625 0.5973090265625001
6 0.0810546875 1 0.0908203125 0.996527778125 0.0908203125 0.9895833328125001 0.1044921875 1 0.111328125 0.9982638890625 0.1171875 0.9913194437499999 0.119140625 0.9600694437499999 0.1171875 0.9392361109375 0.111328125 0.9322916671874999 0.11328125 0.921875 0.109375 0.9114583328125001 0.109375 0.894097221875 0.119140625 0.8802083328125001 0.12109375 0.8697916671874999 0.10546875 0.8454861109375 0.10546875 0.8211805562500001 0.1015625 0.800347221875 0.0888671875 0.7951388890625 0.08203125 0.8038194437499999 0.08203125 0.831597221875 0.087890625 0.8420138890625 0.078125 0.8767361109375 0.0751953125 0.8819444437499999 0.0537109375 0.8819444437499999 0.0400390625 0.8888888890625 0.03125 0.9045138890625 0.025390625 0.925347221875 0.025390625 0.9357638890625 0.03125 0.949652778125 0.0166015625 0.9583333328125001 0.00390625 0.9947916671874999 0.0068359375 1 0.0810546875 1
6 0.982421875 0.8836805562500001 0.97265625 0.859375 0.970703125 0.831597221875 0.9580078125 0.8263888890625 0.94921875 0.8454861109375 0.94921875 0.862847221875 0.94140625 0.8802083328125001 0.935546875 0.9079861109375 0.935546875 0.9947916671874999 0.9384765625 1 0.970703125 0.9982638890625 0.9765625 0.987847221875 0.9765625 0.9704861109375 0.984375 0.9461805562500001 0.986328125 0.9149305562500001 0.982421875 0.9045138890625 0.982421875 0.8836805562500001
4 0.859375 0.793402778125 0.8544921875 0.784722221875 0.8466796875 0.78125 0.7939453125 0.78125 0.7724609375 0.7881944437499999 0.759765625 0.8350694437499999 0.751953125 0.894097221875 0.751953125 0.925347221875 0.7548828125 0.934027778125 0.7578125 0.9322916671874999 0.76171875 0.9288194437499999 0.77734375 0.8732638890625 0.7841796875 0.8645833328125001 0.8720703125 0.8645833328125001 0.875 0.855902778125 0.859375 0.793402778125
4 0.3224609375 0.4709201375 0.3087890625 0.4223090265625 0.3 0.4101562484375 0.2453125 0.41710069375 0.2423828125 0.4223090265625 0.2423828125 0.4396701375 0.2453125 0.4448784703125 0.284375 0.4448784703125 0.2931640625 0.4535590265625 0.3087890625 0.5091145828125 0.3087890625 0.5403645828125 0.3146484375 0.561197915625 0.31970215 0.5671875 0.321313475 0.5671875 0.325 0.5628182859375 0.325 0.49835069218749994 0.3205078125 0.474392359375 0.3224609375 0.4709201375
4 0.362109375 0.495833334375 0.30546875 0.4923611125 0.2966796875 0.5045138890625 0.2888671875 0.549652778125 0.2875 0.58125 0.2875 0.595833334375 0.28984375 0.6 0.309375 0.6 0.3123046875 0.605208334375 0.3142456046875 0.6328125 0.314628909375 0.6328125 0.3328125 0.6243055562500001 0.33671875 0.6138888890625 0.358203125 0.6138888890625 0.378125 0.6054563500000001 0.378125 0.5534722234375 0.3708984375 0.5149305562500001 0.362109375 0.495833334375
1 0.3388671875 0.6805555562500001 0.349609375 0.671875 0.349609375 0.640625 0.3408203125 0.628472221875 0.3134765625 0.625 0.2919921875 0.6111111109375 0.2373046875 0.6111111109375 0.228515625 0.637152778125 0.2265625 0.675347221875 0.21875 0.7239583328125 0.216796875 0.7829861109375 0.21875 0.800347221875 0.2265625 0.8211805562500001 0.2314453125 0.8263888890625 0.23828125 0.824652778125 0.2451171875 0.8125 0.2861328125 0.8125 0.29296875 0.7586805562500001 0.3173828125 0.7118055562500001 0.3291015625 0.7048611109375 0.3388671875 0.6805555562500001
1 0.05703125 0.5903645828124999 0.0453125 0.5903645828124999 0.0423828125 0.595572915625 0.0345703125 0.6754340265625001 0.0345703125 0.689322915625 0.039453125 0.698003471875 0.051171875 0.698003471875 0.0599609375 0.68585069375 0.0619140625 0.65460069375 0.0580078125 0.6476562484375 0.058984375 0.63897569375 0.06484375 0.635503471875 0.074609375 0.6459201375 0.084375 0.6250868046875 0.0921875 0.6250868046875 0.0951171875 0.619878471875 0.09609375 0.604253471875 0.10390625 0.6007812484375 0.1087890625 0.626822915625 0.1146484375 0.6337673609375 0.1224609375 0.6615451375 0.1224609375 0.6719618046875 0.1166015625 0.6789062484375 0.1126953125 0.6927951375 0.1087890625 0.7657118046875 0.144921875 0.7709201375 0.1537109375 0.7865451375 0.15532226875 0.7875 0.1570001765625 0.7875 0.1654296875 0.7691840265625001 0.1654296875 0.7309895828124999 0.1615234375 0.720572915625 0.1576171875 0.626822915625 0.1537109375 0.59210069375 0.148828125 0.579947915625 0.14150390625 0.5734375 0.133447259375 0.5734375 0.08046875 0.57647569375 0.05703125 0.5903645828124999
4 0.5568359375 0.3970486109375 0.548046875 0.38836805625 0.489453125 0.384895834375 0.47578125 0.40225694531249995 0.4748046875 0.4109375 0.48359375 0.41961805625000004 0.51484375 0.4265625 0.5197265625 0.43524305625000004 0.5197265625 0.4456597234375 0.524609375 0.44739583437499997 0.5431640625 0.48038194531249995 0.5490234375 0.5046875 0.5490234375 0.532465278125 0.5547572546875 0.55625 0.55517578125 0.55625 0.5587890625 0.5498263890625 0.5607421875 0.532465278125 0.5587890625 0.4769097234375 0.5609375 0.4673611109375 0.5609375 0.4548611109375 0.5587890625 0.44913194531249995 0.5568359375 0.3970486109375
1 0.5185546875 0.628472221875 0.5537109375 0.628472221875 0.556640625 0.6232638890625 0.5546875 0.5989583328125 0.5419921875 0.5833333328125 0.4853515625 0.5833333328125 0.4462890625 0.597222221875 0.44140625 0.605902778125 0.4375 0.6614583328125 0.4423828125 0.6736111109375 0.46484375 0.699652778125 0.4853515625 0.684027778125 0.4892578125 0.6875 0.494140625 0.675347221875 0.498046875 0.6475694437499999 0.5048828125 0.6354166671875 0.5185546875 0.628472221875
4 0.482421875 0.8072916671874999 0.484375 0.7795138890625 0.490234375 0.769097221875 0.4814453125 0.75 0.4716796875 0.7430555562500001 0.4658203125 0.7291666671875 0.4248046875 0.7083333328125 0.423828125 0.7204861109375 0.4326171875 0.722222221875 0.4375 0.734375 0.439453125 0.7795138890625 0.4365234375 0.7916666671875 0.4306640625 0.784722221875 0.427734375 0.793402778125 0.4296875 0.828125 0.42578125 0.8489583328125001 0.423828125 0.894097221875 0.42578125 0.9079861109375 0.4306640625 0.9166666671874999 0.44140625 0.9149305562500001 0.4521484375 0.8993055562500001 0.4697265625 0.8993055562500001 0.474609375 0.894097221875 0.474609375 0.8454861109375 0.470703125 0.824652778125 0.482421875 0.8072916671874999
4 0.3806640625 0.8662326390624999 0.3826171875 0.8349826390624999 0.3806640625 0.8106770828125001 0.3748046875 0.7967881953125 0.3767578125 0.779427084375 0.3728515625 0.7620659734374999 0.346484375 0.7151909734374999 0.3328125 0.708246528125 0.2859375 0.708246528125 0.2849609375 0.723871528125 0.2888671875 0.723871528125 0.2908203125 0.779427084375 0.2869140625 0.786371528125 0.2869140625 0.8315104171875 0.2830078125 0.848871528125 0.2830078125 0.8697048609375001 0.29765625 0.8783854171875 0.338671875 0.8749131953125 0.3494140625 0.8974826390624999 0.35747069531250003 0.8984375 0.3646275125 0.8984375 0.3728515625 0.8870659734374999 0.3806640625 0.8662326390624999
4 0.880078125 0.5242187515625 0.8654296875 0.560677084375 0.8654296875 0.567621528125 0.8684570296875 0.5703125 0.8724121125 0.5703125 0.876171875 0.5693576390625 0.88203125 0.5554687515625 0.891796875 0.5589409734374999 0.896875 0.5344370046875 0.896875 0.5228298625 0.895703125 0.520746528125 0.880078125 0.5242187515625
4 0.8443359375 0.5677083328125 0.8365234375 0.5295138890625 0.831640625 0.5243055562500001 0.79453125 0.5208333328125 0.7935546875 0.5260416671875 0.8013671875 0.543402778125 0.8033203125 0.5607638890625 0.8150390625 0.5920138890625 0.8150390625 0.6163194437499999 0.819921875 0.628472221875 0.8287109375 0.6336805562500001 0.8267578125 0.6788194437499999 0.8296875 0.6875 0.8423828125 0.6961805562500001 0.84921875 0.6979166671875 0.8541015625 0.6822916671875 0.8560546875 0.612847221875 0.8501953125 0.5850694437499999 0.85625 0.576996528125 0.85625 0.571527778125 0.855078125 0.5694444437499999 0.8443359375 0.5677083328125
4 0.2126953125 0.283159721875 0.201953125 0.27100694375 0.1609375 0.2779513890625 0.1560546875 0.3039930546875 0.1501953125 0.3109375 0.1484375 0.3203125 0.1484375 0.3222222234375 0.1521484375 0.338715278125 0.16875 0.330034721875 0.1736328125 0.3109375 0.178515625 0.3057291671875 0.1853515625 0.314409721875 0.1853515625 0.3248263890625 0.1931640625 0.345659721875 0.2009765625 0.3560763890625 0.217578125 0.3578125 0.2203125 0.3529513890625 0.2203125 0.3484375 0.2185546875 0.3109375 0.2126953125 0.283159721875
4 0.21337890625 0.24609375 0.19384765625 0.249565971875 0.18896484375 0.25824652812500004 0.18115234375 0.29991319375000003 0.18115234375 0.32769097187499996 0.18505859375 0.35199652812500004 0.188232421875 0.353125 0.1901123046875 0.353125 0.19189453125 0.34678819375000003 0.20458984375 0.3415798609375 0.20654296875 0.33116319375000003 0.20263671875 0.32421875 0.20263671875 0.3138020828125 0.21044921875 0.29644097187499996 0.21240234375 0.2790798609375 0.21728515625 0.27387152812500004 0.2390625 0.270645253125 0.2390625 0.2556423609375 0.23876953125 0.25303819375000003 0.21337890625 0.24609375