2 0.16640625 0.22711576249999998 0.1623203125 0.2234375 0.1511734375 0.2234375 0.141015625 0.23590702343749997 0.1390625 0.25055912343750003 0.13125 0.26521122343750003 0.109765625 0.294515425 0.10390625 0.31502836562500003 0.1 0.32088920625 0.098046875 0.34140214687500003 0.0921875 0.36777592812500004 0.0921875 0.37949760781249997 0.090234375 0.382428028125 0.0921875 0.4117322296875 0.1048828125 0.427849540625 0.1107421875 0.424919121875 0.133203125 0.4586189515625 0.137109375 0.46741021250000003 0.137109375 0.47913189218749996 0.1322265625 0.4864579421875 0.129296875 0.4820623125 0.12734375 0.46741021250000003 0.1205078125 0.4542233203125 0.11953125 0.47327105156249993 0.1087890625 0.492318784375 0.1048828125 0.492318784375 0.1009765625 0.483527521875 0.0912109375 0.47766668125 0.0658203125 0.47766668125 0.0599609375 0.483527521875 0.0521484375 0.4864579421875 0.0482421875 0.492318784375 0.0423828125 0.492318784375 0.035546875 0.5084360921875 0.035546875 0.52308819375 0.031640625 0.534809875 0.031640625 0.5523923953125001 0.035546875 0.5699749171875 0.0501953125 0.5978139062500001 0.0677734375 0.6095355875 0.0892578125 0.6095355875 0.1029296875 0.6007443265625 0.11171875 0.59048785625 0.11171875 0.5846270171875 0.1078125 0.5816965953125 0.1087890625 0.5773009671875 0.1146484375 0.5802313859375 0.1185546875 0.5773009671875 0.1244140625 0.586092225 0.1322265625 0.5919530671875 0.1478515625 0.5919530671875 0.148828125 0.5846270171875 0.144921875 0.5758357546874999 0.1478515625 0.574370546875 0.1595703125 0.5538576046875 0.1634765625 0.5538576046875 0.178125 0.534809875 0.183984375 0.5172273546875 0.195703125 0.4967144125 0.199609375 0.4820623125 0.2083984375 0.46594500156249996 0.2142578125 0.46594500156249996 0.215234375 0.49085357187499995 0.21328125 0.49378399218749996 0.21328125 0.5055056734375001 0.203515625 0.5201577734375 0.199609375 0.531879453125 0.19765625 0.5406707140625 0.19765625 0.558253234375 0.2015625 0.564114075 0.203515625 0.5787661749999999 0.211328125 0.5992791171875 0.2240234375 0.6153964265625 0.24010156249999998 0.6234375 0.24910155781249999 0.6234375 0.25625 0.6227224765625 0.2650390625 0.6212572671875 0.2728515625 0.6153964265625 0.2806640625 0.6066051671875 0.2875 0.5934182765625 0.293359375 0.5699749171875 0.293359375 0.5465315546875 0.29140625 0.53774029375 0.28359375 0.5172273546875 0.2689453125 0.498179621875 0.2591796875 0.492318784375 0.2455078125 0.4893883625 0.2435546875 0.483527521875 0.2376953125 0.483527521875 0.2328125 0.47913189218749996 0.2328125 0.46741021250000003 0.2298828125 0.4600841625 0.223046875 0.45568853125000003 0.223046875 0.44396684999999997 0.2259765625 0.4395712203125 0.2337890625 0.4395712203125 0.234765625 0.4351755921875 0.22890625 0.432245171875 0.230859375 0.42931474999999997 0.2298828125 0.424919121875 0.2220703125 0.424919121875 0.219140625 0.42052348906250003 0.219140625 0.4117322296875 0.2171875 0.408801809375 0.2171875 0.40294096875 0.22109375 0.3970801296875 0.223046875 0.38828886875 0.22109375 0.37949760781249997 0.2142578125 0.3663107171875 0.2044921875 0.36044987812499996 0.16640625 0.30623710625 0.160546875 0.28572416562499997 0.16640625 0.2769329046875 0.1703125 0.26521122343750003 0.1703125 0.23590702343749997 0.16640625 0.22711576249999998
2 0.3466796875 0.5509189796875 0.3525390625 0.54212771875 0.3564453125 0.54212771875 0.361328125 0.5582450296875 0.3720703125 0.574362340625 0.384765625 0.581688390625 0.4072265625 0.5831536015625 0.4111328125 0.5772927609375 0.4150390625 0.5772927609375 0.4208984375 0.5714319203125 0.427734375 0.56117545 0.43359375 0.5377320890624999 0.43359375 0.5113583078125 0.431640625 0.50549746875 0.4111328125 0.5040322578125 0.4052734375 0.5098930984375001 0.404296875 0.50549746875 0.4072265625 0.49817141718749997 0.4287109375 0.49524099843749997 0.4296875 0.487914946875 0.4169921875 0.465936796875 0.4033203125 0.4630063765625 0.4013671875 0.46007595625000003 0.3798828125 0.4630063765625 0.3759765625 0.4688672171875 0.3701171875 0.47179763750000003 0.369140625 0.4791236875 0.3662109375 0.48058889687499995 0.36328125 0.4761932671875 0.365234375 0.473262846875 0.3515625 0.45568032656249996 0.3505859375 0.451284696875 0.3486328125 0.451284696875 0.345703125 0.46447158593750004 0.3486328125 0.4688672171875 0.3505859375 0.465936796875 0.35546875 0.46740200625000006 0.359375 0.4761932671875 0.359375 0.48498452812500004 0.361328125 0.487914946875 0.3583984375 0.4864497375 0.3505859375 0.49817141718749997 0.34765625 0.4937757875 0.3466796875 0.47472805625000003 0.3408203125 0.48058889687499995 0.328125 0.46447158593750004 0.328125 0.458610746875 0.3330078125 0.451284696875 0.3505859375 0.4366325953125 0.3544921875 0.42784133593749996 0.365234375 0.426376125 0.36328125 0.42051528437499996 0.37109375 0.411724025 0.37109375 0.40293276406249995 0.375 0.397071925 0.375 0.38535024375 0.353515625 0.323811421875 0.3359375 0.29157679999999997 0.33203125 0.26520301874999996 0.3232421875 0.25494654843750003 0.3115234375 0.25494654843750003 0.3046875 0.2622726 0.3046875 0.297437640625 0.306640625 0.30622890156250004 0.3125 0.312089740625 0.306640625 0.338463521875 0.30859375 0.34139394218749997 0.310546875 0.3619068828125 0.31640625 0.37069814375 0.322265625 0.3941415046875 0.3193359375 0.4014675546875 0.310546875 0.411724025 0.3125 0.4761932671875 0.318359375 0.487914946875 0.318359375 0.4967062078125 0.314453125 0.5025670484375 0.31640625 0.5289408296875 0.3232421875 0.533336459375 0.3310546875 0.547988559375 0.3388671875 0.5538494 0.3466796875 0.5509189796875
2 0.60859375 0.5711423953125 0.6131828109375 0.5734375 0.6157234375 0.5734375 0.6173828125 0.5726076046874999 0.626171875 0.568211975 0.6388671875 0.5491642453125001 0.6486328125 0.5198600421874999 0.6505859375 0.499347103125 0.6525390625 0.4964166828125 0.6525390625 0.46711248124999993 0.6505859375 0.46418206093750003 0.6505859375 0.4553908 0.641796875 0.43927349062500004 0.6330078125 0.431947440625 0.6330078125 0.4055736578125 0.6359375 0.4011780296875 0.64765625 0.4011780296875 0.649609375 0.40410845 0.65546875 0.4011780296875 0.661328125 0.4070388703125 0.665234375 0.4070388703125 0.6681640625 0.4026432375 0.6681640625 0.3938519796875 0.6642578125 0.38506071875000003 0.6603515625 0.3440348375 0.6564453125 0.32938273749999997 0.6564453125 0.30886979531250003 0.6525390625 0.297148115625 0.6447265625 0.2883568546875 0.6466796875 0.25026139375 0.63984375 0.23707450312499997 0.633984375 0.23707450312499997 0.63203125 0.23414408281250002 0.62421875 0.23707450312499997 0.6193359375 0.24440055312500003 0.6173828125 0.25026139375 0.6173828125 0.270774334375 0.614453125 0.275169965625 0.60859375 0.275169965625 0.60078125 0.281030803125 0.5939453125 0.297148115625 0.5939453125 0.30886979531250003 0.5841796875 0.341104415625 0.5841796875 0.352826096875 0.5802734375 0.3586869375 0.5783203125 0.3674781984375 0.5783203125 0.379199878125 0.5802734375 0.38506071875000003 0.5841796875 0.3879911390625 0.5841796875 0.3938519796875 0.5802734375 0.4026432375 0.5802734375 0.4260866 0.5685546875 0.446599540625 0.5685546875 0.45246037968749997 0.5646484375 0.4583212203125 0.5646484375 0.46711248124999993 0.5568359375 0.4934862625 0.5568359375 0.5374425625 0.5587890625 0.5403729828125 0.5587890625 0.5491642453125001 0.563671875 0.5594207156250001 0.571484375 0.5594207156250001 0.5802734375 0.5462338250000001 0.5861328125 0.53451214375 0.5861328125 0.5227904624999999 0.591015625 0.5154644125 0.5939453125 0.5198600421874999 0.5939453125 0.5403729828125 0.5998046875 0.560885925 0.60859375 0.5711423953125
2 0.73828125 0.46447158593750004 0.7412109375 0.46007595625000003 0.748046875 0.47033242656249996 0.748046875 0.48498452812500004 0.75 0.487914946875 0.75 0.526010409375 0.7509765625 0.52747561875 0.75390625 0.5230799890625 0.7578125 0.49963662812500004 0.7626953125 0.492310578125 0.7685546875 0.5040322578125 0.7763671875 0.5040322578125 0.779296875 0.49963662812500004 0.779296875 0.48498452812500004 0.7734375 0.46740200625000006 0.775390625 0.411724025 0.771484375 0.40000234375000004 0.771484375 0.3765589828125 0.775390625 0.36776772343749997 0.775390625 0.35604604218749997 0.779296875 0.3443243625 0.779296875 0.33260268125 0.7734375 0.3091593203125 0.7734375 0.25348133906250003 0.771484375 0.25055091875 0.771484375 0.241759659375 0.7666015625 0.2344336078125 0.7587890625 0.23150318906249998 0.75390625 0.22417713749999998 0.75 0.1948729375 0.7470703125 0.19047730624999998 0.7412109375 0.19047730624999998 0.7392578125 0.18754688749999998 0.7333984375 0.19047730624999998 0.7265625 0.2007337765625 0.7265625 0.2095250375 0.73046875 0.21538587812499999 0.732421875 0.22417713749999998 0.732421875 0.2329683984375 0.71875 0.25055091875 0.71875 0.29157679999999997 0.720703125 0.2945072203125 0.72265625 0.3267418421875 0.7265625 0.3355331015625 0.724609375 0.35604604218749997 0.7314453125 0.3604416734375 0.7353515625 0.357511253125 0.73828125 0.3589764625 0.732421875 0.36483730312499996 0.732421875 0.3824198234375 0.73046875 0.38535024375 0.73046875 0.397071925 0.734375 0.411724025 0.734375 0.426376125 0.736328125 0.4293065453125 0.734375 0.43516738593750004 0.734375 0.44981948593750004 0.732421875 0.45274990624999994 0.732421875 0.46740200625000006 0.7373046875 0.47179763750000003 0.73828125 0.46447158593750004
2 0.6875 0.42051528437499996 0.6875 0.4293065453125 0.697265625 0.4293065453125 0.69921875 0.446889065625 0.705078125 0.45568032656249996 0.70703125 0.4937757875 0.708984375 0.4937757875 0.7119140625 0.465936796875 0.7177734375 0.465936796875 0.7197265625 0.47179763750000003 0.7265625 0.47033242656249996 0.7265625 0.4615411671875 0.72265625 0.45274990624999994 0.72265625 0.43809780624999994 0.7197265625 0.43370217499999997 0.7177734375 0.4366325953125 0.71484375 0.432236965625 0.7158203125 0.4014675546875 0.71875 0.40586318437499996 0.71875 0.42051528437499996 0.72265625 0.42051528437499996 0.724609375 0.3765589828125 0.720703125 0.3619068828125 0.72265625 0.32967226250000004 0.720703125 0.3267418421875 0.720703125 0.30329848125000003 0.71875 0.3003680609375 0.716796875 0.25055091875 0.7119140625 0.24029444843749997 0.708984375 0.23882923906250003 0.70703125 0.2183162984375 0.7021484375 0.210990246875 0.6982421875 0.210990246875 0.689453125 0.2183162984375 0.689453125 0.241759659375 0.677734375 0.256411759375 0.67578125 0.2622726 0.67578125 0.2945072203125 0.677734375 0.297437640625 0.677734375 0.33260268125 0.6796875 0.3355331015625 0.677734375 0.35604604218749997 0.6875 0.3736285640625 0.6875 0.38535024375 0.69140625 0.40000234375000004 0.69140625 0.411724025 0.6875 0.42051528437499996
2 0.796875 0.3765589828125 0.796875 0.411724025 0.798828125 0.4146544453125 0.798828125 0.426376125 0.8046875 0.44981948593750004 0.8125 0.458610746875 0.8134765625 0.46007595625000003 0.8203125 0.44981948593750004 0.8203125 0.411724025 0.822265625 0.4087936046875 0.8203125 0.36776772343749997 0.814453125 0.353115621875 0.814453125 0.3472547828125 0.8193359375 0.3487199921875 0.822265625 0.353115621875 0.822265625 0.3619068828125 0.8251953125 0.3692329328125 0.8271484375 0.3692329328125 0.828125 0.3619068828125 0.826171875 0.353115621875 0.828125 0.350185203125 0.828125 0.33260268125 0.82421875 0.31795058125 0.82421875 0.3091593203125 0.837890625 0.297437640625 0.837890625 0.282785540625 0.830078125 0.26520301874999996 0.830078125 0.2593421796875 0.8203125 0.24762049843749998 0.81640625 0.23882923906250003 0.81640625 0.22124671718750002 0.8076171875 0.210990246875 0.8017578125 0.210990246875 0.79296875 0.22124671718750002 0.794921875 0.24469007812500002 0.787109375 0.25348133906250003 0.78125 0.2739942796875 0.78125 0.29157679999999997 0.78515625 0.297437640625 0.78125 0.3003680609375 0.78125 0.312089740625 0.7861328125 0.3135549515625 0.7890625 0.31795058125 0.791015625 0.3355331015625 0.80078125 0.3472547828125 0.796875 0.35604604218749997 0.798828125 0.3736285640625 0.796875 0.3765589828125
2 0.8294921875 0.2802290421875 0.8234375 0.2915844203125 0.8234375 0.304199878125 0.8265625 0.3051376125 0.8314453125 0.30074198281250003 0.832421875 0.2934159328125 0.840234375 0.28462467187499996 0.8431640625 0.2860898828125 0.8431640625 0.29195072187500004 0.8392578125 0.2948811421875 0.8353515625 0.3124636625 0.8353515625 0.3271157640625 0.8392578125 0.332976603125 0.8412109375 0.34176786406250004 0.8412109375 0.350559125 0.8373046875 0.36521122500000003 0.8353515625 0.4326108875 0.838087053125 0.4421875 0.8405468765625 0.4421875 0.8431640625 0.4414021484375 0.85 0.41649357656249997 0.8529296875 0.42088920625000004 0.8529296875 0.4326108875 0.8578125 0.4399369375 0.8607421875 0.4355413078125 0.8646484375 0.41795878750000004 0.8646484375 0.397445846875 0.8666015625 0.3945154265625 0.8666015625 0.350559125 0.8705078125 0.33883744375 0.8705078125 0.318324503125 0.8724609375 0.3095332421875 0.8626953125 0.303672403125 0.8626953125 0.2831594625 0.8666015625 0.277298621875 0.8724609375 0.25678568125 0.8783203125 0.245064 0.8646484375 0.2304119 0.8666015625 0.2128293796875 0.86171875 0.2055033296875 0.85390625 0.2055033296875 0.8509765625 0.20989895937499997 0.8490234375 0.2186902203125 0.8509765625 0.23334232031250002 0.8392578125 0.250924840625 0.8294921875 0.2802290421875
2 0.9296875 0.33260268125 0.923828125 0.3443243625 0.923828125 0.350185203125 0.93359375 0.350185203125 0.9375 0.38535024375 0.94140625 0.3941415046875 0.9453125 0.3941415046875 0.947265625 0.379489403125 0.953125 0.37069814375 0.951171875 0.36776772343749997 0.953125 0.3619068828125 0.953125 0.338463521875 0.951171875 0.3355331015625 0.951171875 0.3003680609375 0.955078125 0.29157679999999997 0.955078125 0.2857159609375 0.958984375 0.27985512031250004 0.958984375 0.2622726 0.951171875 0.2329683984375 0.943359375 0.22417713749999998 0.943359375 0.21245545781250003 0.9453125 0.2065946171875 0.9345703125 0.1992685671875 0.9296875 0.203664196875 0.927734375 0.2095250375 0.927734375 0.22417713749999998 0.919921875 0.2329683984375 0.916015625 0.24469007812500002 0.9140625 0.25348133906250003 0.9140625 0.2857159609375 0.92578125 0.3003680609375 0.92578125 0.3208810015625 0.9296875 0.33260268125
2 0.87890625 0.3528483671875 0.87890625 0.384375 0.880859375 0.384375 0.880859375 0.376291728125 0.88671875 0.36457004843749996 0.8876953125 0.327939796875 0.890625 0.335265846875 0.8916015625 0.3513831578125 0.89453125 0.34112668749999997 0.89453125 0.305961646875 0.8916015625 0.30449643593750003 0.888671875 0.308892065625 0.8876953125 0.3162181171875 0.88671875 0.294239965625 0.90234375 0.259074925 0.90234375 0.24735324374999998 0.89453125 0.23270114375 0.8896484375 0.2107229921875 0.8818359375 0.2107229921875 0.87890625 0.2151186234375 0.87890625 0.22097946249999997 0.8759765625 0.2224446734375 0.8671875 0.23856198437499998 0.865234375 0.24442282343750002 0.865234375 0.267866184375 0.86328125 0.2707966046875 0.865234375 0.2913095453125 0.8671875 0.294239965625 0.8671875 0.320613746875 0.869140625 0.3235441671875 0.8671875 0.346987528125 0.8701171875 0.3513831578125 0.8759765625 0.3484527375 0.87890625 0.3528483671875
4 0.4716796875 0.22503751093750002 0.4671875 0.2344734640625 0.4671875 0.24203394843749998 0.470703125 0.24994608125 0.470703125 0.2733894421875 0.46875 0.282180703125 0.4765625 0.296832803125 0.478515625 0.3056240640625 0.478515625 0.323206584375 0.482421875 0.3349282640625 0.482421875 0.349580365625 0.486328125 0.358371625 0.48828125 0.378884565625 0.4931640625 0.38328019687500003 0.5283203125 0.38328019687500003 0.5302734375 0.386210615625 0.5458984375 0.386210615625 0.548828125 0.39939750625000003 0.5552221859375 0.40625 0.5629234546874999 0.40625 0.578125 0.4052583453125 0.5796875 0.34664994375 0.5796875 0.331411759375 0.576171875 0.3261370046875 0.576171875 0.2733894421875 0.57421875 0.270459021875 0.57421875 0.24994608125 0.5703125 0.241154821875 0.5703125 0.23529398124999998 0.5615234375 0.22796793124999998 0.5537109375 0.22796793124999998 0.5517578125 0.22503751093750002 0.5205078125 0.22503751093750002 0.5185546875 0.222107090625 0.4755859375 0.222107090625 0.4716796875 0.22503751093750002
4 0.046875 0.3472547828125 0.03125 0.36776772343749997 0.029296875 0.4146544453125 0.03125 0.417584865625 0.03125 0.44102822656249996 0.037109375 0.45568032656249996 0.0498046875 0.4571455359375 0.052734375 0.45274990624999994 0.0556640625 0.439563015625 0.0732421875 0.4366325953125 0.076171875 0.432236965625 0.076171875 0.42051528437499996 0.07421875 0.417584865625 0.076171875 0.4146544453125 0.072265625 0.4087936046875 0.07421875 0.40586318437499996 0.076171875 0.3824198234375 0.0791015625 0.37802419375 0.0908203125 0.3692329328125 0.0986328125 0.3692329328125 0.1044921875 0.36337209375 0.1083984375 0.36337209375 0.1142578125 0.3545808328125 0.1240234375 0.3516504125 0.140625 0.32967226250000004 0.1494140625 0.3135549515625 0.154296875 0.312089740625 0.15625 0.2886463796875 0.158203125 0.2857159609375 0.15625 0.282785540625 0.15625 0.271063859375 0.1533203125 0.2608073890625 0.1494140625 0.25787696875 0.1376953125 0.25787696875 0.1357421875 0.25494654843750003 0.1318359375 0.25787696875 0.1259765625 0.25494654843750003 0.1240234375 0.25787696875 0.1103515625 0.25787696875 0.1083984375 0.2608073890625 0.1025390625 0.25787696875 0.0927734375 0.263737809375 0.0810546875 0.263737809375 0.0693359375 0.26959865 0.0625 0.2769247 0.0625 0.282785540625 0.0546875 0.30622890156250004 0.046875 0.3208810015625 0.046875 0.3472547828125