2 0.962890625 0.593410071875 0.96875 0.5699667109375001 0.96875 0.54652335 0.966796875 0.5377320890624999 0.958984375 0.5172191484375 0.9443359375 0.49817141718749997 0.9345703125 0.492310578125 0.9208984375 0.4893801578125 0.9189453125 0.48351931718749996 0.9130859375 0.48351931718749996 0.908203125 0.4791236875 0.908203125 0.46740200625000006 0.9052734375 0.46007595625000003 0.8984375 0.45568032656249996 0.8984375 0.4439586453125 0.9013671875 0.439563015625 0.9091796875 0.439563015625 0.91015625 0.43516738593750004 0.904296875 0.432236965625 0.90625 0.4293065453125 0.9052734375 0.42491091562500005 0.8974609375 0.42491091562500005 0.89453125 0.42051528437499996 0.89453125 0.411724025 0.892578125 0.4087936046875 0.892578125 0.40293276406249995 0.896484375 0.397071925 0.8984375 0.3882806640625 0.896484375 0.379489403125 0.8896484375 0.3663025125 0.8798828125 0.3604416734375 0.841796875 0.30622890156250004 0.8359375 0.2857159609375 0.841796875 0.2769247 0.845703125 0.26520301874999996 0.845703125 0.23589881875000002 0.841796875 0.2271075578125 0.8369140625 0.22271192812499999 0.8271484375 0.22271192812499999 0.81640625 0.23589881875000002 0.814453125 0.25055091875 0.806640625 0.26520301874999996 0.78515625 0.2945072203125 0.779296875 0.31502016093749996 0.775390625 0.3208810015625 0.7734375 0.34139394218749997 0.767578125 0.36776772343749997 0.767578125 0.379489403125 0.765625 0.3824198234375 0.767578125 0.411724025 0.7802734375 0.42784133593749996 0.7861328125 0.42491091562500005 0.80859375 0.458610746875 0.8125 0.46740200625000006 0.8125 0.4791236875 0.8076171875 0.4864497375 0.8046875 0.4820541078125 0.802734375 0.46740200625000006 0.7958984375 0.454215115625 0.794921875 0.473262846875 0.7841796875 0.492310578125 0.7802734375 0.492310578125 0.7763671875 0.48351931718749996 0.7666015625 0.47765847656249993 0.7412109375 0.47765847656249993 0.7353515625 0.48351931718749996 0.7275390625 0.4864497375 0.7236328125 0.492310578125 0.7177734375 0.492310578125 0.7109375 0.5084278875 0.7109375 0.5230799890625 0.70703125 0.53480166875 0.70703125 0.5523841890625001 0.7109375 0.5699667109375001 0.7255859375 0.5978057015625 0.7431640625 0.60952738125 0.7646484375 0.60952738125 0.7783203125 0.600736121875 0.787109375 0.5904796515624999 0.787109375 0.5846188109375 0.783203125 0.581688390625 0.7841796875 0.5772927609375 0.7900390625 0.5802231812499999 0.7939453125 0.5772927609375 0.7998046875 0.5860840203125 0.8076171875 0.5919448609375 0.8232421875 0.5919448609375 0.82421875 0.5846188109375 0.8203125 0.57582755 0.8232421875 0.574362340625 0.8349609375 0.5538494 0.8388671875 0.5538494 0.853515625 0.53480166875 0.859375 0.5172191484375 0.87109375 0.4967062078125 0.875 0.4820541078125 0.8837890625 0.465936796875 0.8896484375 0.465936796875 0.890625 0.4908453671875 0.888671875 0.4937757875 0.888671875 0.50549746875 0.87890625 0.52014956875 0.875 0.5318712484375 0.873046875 0.5406625093749999 0.873046875 0.5582450296875 0.876953125 0.5641058703125 0.87890625 0.5787579703125 0.88671875 0.5992709109375001 0.8994140625 0.615388221875 0.9169921875 0.6241794828125 0.931640625 0.622714271875 0.9404296875 0.6212490625 0.9482421875 0.615388221875 0.9560546875 0.6065969625000001 0.962890625 0.593410071875
2 0.6474609375 0.54212771875 0.6533203125 0.5509189796875 0.6611328125 0.5538494 0.6689453125 0.547988559375 0.6767578125 0.533336459375 0.68359375 0.5289408296875 0.685546875 0.5025670484375 0.681640625 0.4967062078125 0.681640625 0.487914946875 0.6875 0.4761932671875 0.689453125 0.411724025 0.6806640625 0.4014675546875 0.677734375 0.3941415046875 0.68359375 0.37069814375 0.689453125 0.3619068828125 0.69140625 0.34139394218749997 0.693359375 0.338463521875 0.6875 0.312089740625 0.693359375 0.30622890156250004 0.6953125 0.297437640625 0.6953125 0.2622726 0.6884765625 0.25494654843750003 0.6767578125 0.25494654843750003 0.66796875 0.26520301874999996 0.6640625 0.29157679999999997 0.646484375 0.323811421875 0.625 0.38535024375 0.625 0.397071925 0.62890625 0.40293276406249995 0.62890625 0.411724025 0.63671875 0.42051528437499996 0.634765625 0.426376125 0.6455078125 0.42784133593749996 0.6494140625 0.4366325953125 0.6669921875 0.451284696875 0.671875 0.458610746875 0.671875 0.46447158593750004 0.6591796875 0.48058889687499995 0.6533203125 0.47472805625000003 0.65234375 0.4937757875 0.6494140625 0.49817141718749997 0.6416015625 0.4864497375 0.638671875 0.487914946875 0.640625 0.48498452812500004 0.640625 0.4761932671875 0.64453125 0.46740200625000006 0.6494140625 0.465936796875 0.6513671875 0.4688672171875 0.654296875 0.46447158593750004 0.6513671875 0.451284696875 0.6494140625 0.451284696875 0.6484375 0.45568032656249996 0.634765625 0.473262846875 0.63671875 0.4761932671875 0.6337890625 0.48058889687499995 0.630859375 0.4791236875 0.6298828125 0.47179763750000003 0.6240234375 0.4688672171875 0.6201171875 0.4630063765625 0.5986328125 0.46007595625000003 0.5966796875 0.4630063765625 0.5830078125 0.465936796875 0.5703125 0.487914946875 0.5712890625 0.49524099843749997 0.5927734375 0.49817141718749997 0.595703125 0.50549746875 0.5947265625 0.5098930984375001 0.5888671875 0.5040322578125 0.568359375 0.50549746875 0.56640625 0.5113583078125 0.56640625 0.5377320890624999 0.572265625 0.56117545 0.5791015625 0.5714319203125 0.5849609375 0.5772927609375 0.5888671875 0.5772927609375 0.5927734375 0.5831536015625 0.615234375 0.581688390625 0.6279296875 0.574362340625 0.638671875 0.5582450296875 0.6435546875 0.54212771875 0.6474609375 0.54212771875
2 0.42578125 0.49963662812500004 0.427734375 0.4967062078125 0.427734375 0.46740200625000006 0.42578125 0.46447158593750004 0.42578125 0.45568032656249996 0.4169921875 0.439563015625 0.408203125 0.432236965625 0.408203125 0.40586318437499996 0.4111328125 0.4014675546875 0.4228515625 0.4014675546875 0.4248046875 0.404397975 0.4306640625 0.4014675546875 0.4365234375 0.40732839531250004 0.4404296875 0.40732839531250004 0.443359375 0.40293276406249995 0.443359375 0.3941415046875 0.439453125 0.38535024375 0.435546875 0.3443243625 0.431640625 0.32967226250000004 0.431640625 0.3091593203125 0.427734375 0.297437640625 0.419921875 0.2886463796875 0.421875 0.25055091875 0.4150390625 0.23736402812500002 0.4091796875 0.23736402812500002 0.4072265625 0.2344336078125 0.3994140625 0.23736402812500002 0.39453125 0.24469007812500002 0.392578125 0.25055091875 0.392578125 0.271063859375 0.3896484375 0.27545949062499997 0.3837890625 0.27545949062499997 0.3759765625 0.2813203296875 0.369140625 0.297437640625 0.369140625 0.3091593203125 0.359375 0.34139394218749997 0.359375 0.353115621875 0.35546875 0.3589764625 0.353515625 0.36776772343749997 0.353515625 0.379489403125 0.35546875 0.38535024375 0.359375 0.3882806640625 0.359375 0.3941415046875 0.35546875 0.40293276406249995 0.35546875 0.426376125 0.34375 0.446889065625 0.34375 0.45274990624999994 0.33984375 0.458610746875 0.33984375 0.46740200625000006 0.33203125 0.4937757875 0.33203125 0.5377320890624999 0.333984375 0.5406625093749999 0.333984375 0.5494537703125 0.3388671875 0.5597102406250001 0.3466796875 0.5597102406250001 0.35546875 0.54652335 0.361328125 0.53480166875 0.361328125 0.5230799890625 0.3662109375 0.5157539390625 0.369140625 0.52014956875 0.369140625 0.5406625093749999 0.375 0.56117545 0.3837890625 0.5714319203125 0.3896484375 0.574362340625 0.392578125 0.57289713125 0.4013671875 0.5685015 0.4140625 0.5494537703125 0.423828125 0.52014956875 0.42578125 0.49963662812500004
2 0.2587890625 0.46007595625000003 0.26171875 0.46447158593750004 0.2626953125 0.47179763750000003 0.267578125 0.46740200625000006 0.267578125 0.45274990624999994 0.265625 0.44981948593750004 0.265625 0.43516738593750004 0.263671875 0.4293065453125 0.265625 0.426376125 0.265625 0.411724025 0.26953125 0.397071925 0.26953125 0.38535024375 0.267578125 0.3824198234375 0.267578125 0.36483730312499996 0.26171875 0.3589764625 0.2646484375 0.357511253125 0.2685546875 0.3604416734375 0.275390625 0.35604604218749997 0.2734375 0.3355331015625 0.27734375 0.3267418421875 0.279296875 0.2945072203125 0.28125 0.29157679999999997 0.28125 0.25055091875 0.267578125 0.2329683984375 0.267578125 0.22417713749999998 0.26953125 0.21538587812499999 0.2734375 0.2095250375 0.2734375 0.2007337765625 0.2666015625 0.19047730624999998 0.2607421875 0.18754688749999998 0.2587890625 0.19047730624999998 0.2529296875 0.19047730624999998 0.25 0.1948729375 0.24609375 0.22417713749999998 0.2412109375 0.23150318906249998 0.2333984375 0.2344336078125 0.228515625 0.241759659375 0.228515625 0.25055091875 0.2265625 0.25348133906250003 0.2265625 0.3091593203125 0.220703125 0.33260268125 0.220703125 0.3443243625 0.224609375 0.35604604218749997 0.224609375 0.36776772343749997 0.228515625 0.3765589828125 0.228515625 0.40000234375000004 0.224609375 0.411724025 0.2265625 0.46740200625000006 0.220703125 0.48498452812500004 0.220703125 0.49963662812500004 0.2236328125 0.5040322578125 0.2314453125 0.5040322578125 0.2373046875 0.492310578125 0.2421875 0.49963662812500004 0.24609375 0.5230799890625 0.2490234375 0.52747561875 0.25 0.526010409375 0.25 0.487914946875 0.251953125 0.48498452812500004 0.251953125 0.47033242656249996 0.2587890625 0.46007595625000003
2 0.3125 0.4293065453125 0.3125 0.42051528437499996 0.30859375 0.411724025 0.30859375 0.40000234375000004 0.3125 0.38535024375 0.3125 0.3736285640625 0.322265625 0.35604604218749997 0.3203125 0.3355331015625 0.322265625 0.33260268125 0.322265625 0.297437640625 0.32421875 0.2945072203125 0.32421875 0.2622726 0.322265625 0.256411759375 0.310546875 0.241759659375 0.310546875 0.2183162984375 0.3017578125 0.210990246875 0.2978515625 0.210990246875 0.29296875 0.2183162984375 0.291015625 0.23882923906250003 0.2880859375 0.24029444843749997 0.283203125 0.25055091875 0.28125 0.3003680609375 0.279296875 0.30329848125000003 0.279296875 0.3267418421875 0.27734375 0.32967226250000004 0.279296875 0.3619068828125 0.275390625 0.3765589828125 0.27734375 0.42051528437499996 0.28125 0.42051528437499996 0.28125 0.40586318437499996 0.2841796875 0.4014675546875 0.28515625 0.432236965625 0.2822265625 0.4366325953125 0.2802734375 0.43370217499999997 0.27734375 0.43809780624999994 0.27734375 0.45274990624999994 0.2734375 0.4615411671875 0.2734375 0.47033242656249996 0.2802734375 0.47179763750000003 0.2822265625 0.465936796875 0.2880859375 0.465936796875 0.291015625 0.4937757875 0.29296875 0.4937757875 0.294921875 0.45568032656249996 0.30078125 0.446889065625 0.302734375 0.4293065453125 0.3125 0.4293065453125
2 0.203125 0.411724025 0.203125 0.3765589828125 0.201171875 0.3736285640625 0.203125 0.35604604218749997 0.19921875 0.3472547828125 0.208984375 0.3355331015625 0.2109375 0.31795058125 0.2138671875 0.3135549515625 0.21875 0.312089740625 0.21875 0.3003680609375 0.21484375 0.297437640625 0.21875 0.29157679999999997 0.21875 0.2739942796875 0.212890625 0.25348133906250003 0.205078125 0.24469007812500002 0.20703125 0.22124671718750002 0.1982421875 0.210990246875 0.1923828125 0.210990246875 0.18359375 0.22124671718750002 0.18359375 0.23882923906250003 0.1796875 0.24762049843749998 0.169921875 0.2593421796875 0.169921875 0.26520301874999996 0.162109375 0.282785540625 0.162109375 0.297437640625 0.17578125 0.3091593203125 0.17578125 0.31795058125 0.171875 0.33260268125 0.171875 0.350185203125 0.173828125 0.353115621875 0.171875 0.3619068828125 0.1728515625 0.3692329328125 0.1748046875 0.3692329328125 0.177734375 0.3619068828125 0.177734375 0.353115621875 0.1806640625 0.3487199921875 0.185546875 0.3472547828125 0.185546875 0.353115621875 0.1796875 0.36776772343749997 0.177734375 0.4087936046875 0.1796875 0.411724025 0.1796875 0.44981948593750004 0.1865234375 0.46007595625000003 0.1875 0.458610746875 0.1953125 0.44981948593750004 0.201171875 0.426376125 0.201171875 0.4146544453125 0.203125 0.411724025
2 0.1572265625 0.439563015625 0.16015625 0.43516738593750004 0.1640625 0.417584865625 0.1640625 0.397071925 0.166015625 0.3941415046875 0.166015625 0.350185203125 0.169921875 0.338463521875 0.169921875 0.31795058125 0.171875 0.3091593203125 0.162109375 0.30329848125000003 0.162109375 0.282785540625 0.166015625 0.2769247 0.171875 0.256411759375 0.177734375 0.24469007812500002 0.1640625 0.23003797812500001 0.166015625 0.21245545781250003 0.1611328125 0.20512940781250003 0.1533203125 0.20512940781250003 0.150390625 0.2095250375 0.1484375 0.2183162984375 0.150390625 0.2329683984375 0.138671875 0.25055091875 0.12890625 0.27985512031250004 0.12109375 0.2945072203125 0.12109375 0.30329848125000003 0.1259765625 0.304763690625 0.130859375 0.3003680609375 0.1318359375 0.2930420109375 0.1396484375 0.28425075 0.142578125 0.2857159609375 0.142578125 0.29157679999999997 0.138671875 0.2945072203125 0.134765625 0.312089740625 0.134765625 0.3267418421875 0.138671875 0.33260268125 0.140625 0.34139394218749997 0.140625 0.350185203125 0.13671875 0.36483730312499996 0.134765625 0.432236965625 0.1376953125 0.4424934359375 0.142578125 0.44102822656249996 0.1494140625 0.4161196546875 0.15234375 0.42051528437499996 0.15234375 0.432236965625 0.1572265625 0.439563015625
2 0.076171875 0.3443243625 0.0703125 0.33260268125 0.07421875 0.3208810015625 0.07421875 0.3003680609375 0.0859375 0.2857159609375 0.0859375 0.25348133906250003 0.083984375 0.24469007812500002 0.080078125 0.2329683984375 0.072265625 0.22417713749999998 0.072265625 0.2095250375 0.0703125 0.203664196875 0.0654296875 0.1992685671875 0.0546875 0.2065946171875 0.056640625 0.21245545781250003 0.056640625 0.22417713749999998 0.048828125 0.2329683984375 0.041015625 0.2622726 0.041015625 0.27985512031250004 0.044921875 0.2857159609375 0.044921875 0.29157679999999997 0.048828125 0.3003680609375 0.048828125 0.3355331015625 0.046875 0.338463521875 0.046875 0.3619068828125 0.048828125 0.36776772343749997 0.046875 0.37069814375 0.052734375 0.379489403125 0.0546875 0.3941415046875 0.05859375 0.3941415046875 0.0625 0.38535024375 0.06640625 0.350185203125 0.076171875 0.350185203125 0.076171875 0.3443243625
2 0.125 0.3355331015625 0.1259765625 0.3516504125 0.12890625 0.34139394218749997 0.12890625 0.30622890156250004 0.1259765625 0.304763690625 0.123046875 0.3091593203125 0.1220703125 0.316485371875 0.12109375 0.2945072203125 0.13671875 0.2593421796875 0.13671875 0.24762049843749998 0.12890625 0.2329683984375 0.1240234375 0.210990246875 0.1162109375 0.210990246875 0.11328125 0.21538587812499999 0.11328125 0.22124671718750002 0.1103515625 0.22271192812499999 0.1015625 0.23882923906250003 0.099609375 0.24469007812500002 0.099609375 0.2681334390625 0.09765625 0.271063859375 0.099609375 0.29157679999999997 0.1015625 0.2945072203125 0.1015625 0.3208810015625 0.103515625 0.323811421875 0.1015625 0.3472547828125 0.1044921875 0.3516504125 0.1103515625 0.3487199921875 0.11328125 0.353115621875 0.11328125 0.38535024375 0.115234375 0.38535024375 0.115234375 0.3765589828125 0.12109375 0.36483730312499996 0.1220703125 0.3282070515625 0.125 0.3355331015625
4 0.52734375 0.271063859375 0.52734375 0.25055091875 0.5234375 0.241759659375 0.5234375 0.23589881875000002 0.5146484375 0.22857276875000002 0.5068359375 0.22857276875000002 0.5048828125 0.2256423484375 0.4736328125 0.2256423484375 0.4716796875 0.22271192812499999 0.4287109375 0.22271192812499999 0.4248046875 0.2256423484375 0.419921875 0.23589881875000002 0.419921875 0.241759659375 0.423828125 0.25055091875 0.423828125 0.2739942796875 0.421875 0.282785540625 0.4296875 0.297437640625 0.431640625 0.30622890156250004 0.431640625 0.323811421875 0.435546875 0.3355331015625 0.435546875 0.350185203125 0.439453125 0.3589764625 0.44140625 0.379489403125 0.4462890625 0.383885034375 0.4814453125 0.383885034375 0.4833984375 0.386815453125 0.4990234375 0.386815453125 0.501953125 0.40000234375000004 0.5087890625 0.40732839531250004 0.53125 0.40586318437499996 0.533203125 0.33260268125 0.529296875 0.3267418421875 0.529296875 0.2739942796875 0.52734375 0.271063859375
4 0.96875 0.36776772343749997 0.953125 0.3472547828125 0.953125 0.3208810015625 0.9453125 0.30622890156250004 0.9375 0.282785540625 0.9375 0.2769247 0.9306640625 0.26959865 0.9189453125 0.263737809375 0.9072265625 0.263737809375 0.8974609375 0.25787696875 0.8916015625 0.2608073890625 0.8896484375 0.25787696875 0.8759765625 0.25787696875 0.8740234375 0.25494654843750003 0.8681640625 0.25787696875 0.8642578125 0.25494654843750003 0.8623046875 0.25787696875 0.8505859375 0.25787696875 0.8466796875 0.2608073890625 0.84375 0.271063859375 0.84375 0.282785540625 0.841796875 0.2857159609375 0.84375 0.2886463796875 0.845703125 0.312089740625 0.8505859375 0.3135549515625 0.859375 0.32967226250000004 0.8759765625 0.3516504125 0.8857421875 0.3545808328125 0.8916015625 0.36337209375 0.8955078125 0.36337209375 0.9013671875 0.3692329328125 0.9091796875 0.3692329328125 0.9208984375 0.37802419375 0.923828125 0.3824198234375 0.92578125 0.40586318437499996 0.927734375 0.4087936046875 0.923828125 0.4146544453125 0.92578125 0.417584865625 0.923828125 0.42051528437499996 0.923828125 0.432236965625 0.9267578125 0.4366325953125 0.9443359375 0.439563015625 0.947265625 0.45274990624999994 0.9501953125 0.4571455359375 0.962890625 0.45568032656249996 0.96875 0.44102822656249996 0.96875 0.417584865625 0.970703125 0.4146544453125 0.96875 0.36776772343749997